1.000000 0.000000 0.000000 0.000000 0.000000 1.000000 0.000000 0.000000 0.000000 0.000000 1.000000 0.000000
0.999991 0.002644 0.003391 0.000670 -0.002651 0.999994 0.002099 0.004341 -0.003386 -0.002108 0.999992 -0.673264
0.999991 -0.001282 0.004005 0.008246 0.001277 0.999998 0.001492 0.001699 -0.004007 -0.001487 0.999991 -0.688997
0.999991 0.000047 0.004126 0.003576 -0.000053 0.999999 0.001508 -0.001272 -0.004126 -0.001508 0.999990 -0.714640
0.999987 -0.001408 0.004941 0.006775 0.001405 0.999999 0.000625 0.001246 -0.004942 -0.000618 0.999988 -0.726877
0.999989 0.001128 0.004480 0.004070 -0.001129 0.999999 0.000190 0.004378 -0.004479 -0.000195 0.999990 -0.743756
0.999988 -0.001783 0.004651 0.005855 0.001777 0.999998 0.001294 0.001719 -0.004654 -0.001286 0.999988 -0.760868
0.999983 -0.002658 0.005211 0.003878 0.002654 0.999996 0.000690 0.000984 -0.005213 -0.000676 0.999986 -0.775271
0.999989 -0.000273 0.004577 0.001717 0.000280 0.999999 -0.001565 0.002761 -0.004577 0.001566 0.999988 -0.790266
0.999989 0.000928 0.004686 -0.000048 -0.000916 0.999996 -0.002608 0.004181 -0.004688 0.002603 0.999986 -0.801570
0.999993 0.000499 0.003724 0.000449 -0.000489 0.999996 -0.002638 0.008051 -0.003725 0.002637 0.999990 -0.815711
0.999995 -0.001491 0.002885 0.003404 0.001489 0.999999 0.000664 0.007136 -0.002886 -0.000660 0.999996 -0.818611
0.999997 0.000581 0.002349 0.002770 -0.000582 1.000000 0.000336 0.002493 -0.002349 -0.000337 0.999997 -0.824502
0.999993 0.003032 0.001953 -0.002304 -0.003033 0.999995 0.000678 0.002153 -0.001951 -0.000684 0.999998 -0.834293
0.999998 0.000140 0.002050 0.004240 -0.000139 1.000000 -0.000715 0.004808 -0.002050 0.000714 0.999998 -0.839345
0.999998 0.001507 0.001445 0.002884 -0.001508 0.999999 0.000320 0.005778 -0.001445 -0.000322 0.999999 -0.853869
0.999995 -0.002425 0.001966 0.004022 0.002421 0.999994 0.002297 0.006910 -0.001972 -0.002292 0.999995 -0.857666
0.999999 -0.000640 0.001393 0.004995 0.000637 0.999996 0.002642 0.004442 -0.001395 -0.002641 0.999996 -0.862651
0.999990 -0.004067 0.001723 0.010329 0.004064 0.999990 0.001677 0.003458 -0.001730 -0.001670 0.999997 -0.874113
0.999999 -0.000867 0.001153 0.005583 0.000868 1.000000 -0.000344 0.006260 -0.001153 0.000345 0.999999 -0.889215
0.999998 0.000978 0.001479 0.002798 -0.000976 0.999998 -0.001441 0.008381 -0.001481 0.001440 0.999998 -0.891026
0.999999 -0.000375 0.001558 0.002607 0.000378 0.999999 -0.001561 0.009547 -0.001558 0.001562 0.999998 -0.897835
0.999999 0.000545 0.001105 0.002551 -0.000545 1.000000 -0.000054 0.009047 -0.001105 0.000054 0.999999 -0.904169
0.999998 0.000259 0.001721 0.003674 -0.000260 1.000000 0.000833 0.008084 -0.001721 -0.000833 0.999998 -0.906533
0.999998 0.001591 0.001197 -0.002253 -0.001592 0.999998 0.000782 0.005853 -0.001196 -0.000784 0.999999 -0.912792
1.000000 0.000243 0.000687 0.001459 -0.000242 0.999999 -0.001665 0.005836 -0.000688 0.001665 0.999998 -0.930896
0.999999 -0.001161 0.000078 0.002669 0.001161 0.999994 -0.003341 0.009955 -0.000074 0.003341 0.999994 -0.927483
1.000000 -0.000676 -0.000687 0.004199 0.000673 0.999993 -0.003701 0.011071 0.000689 0.003700 0.999993 -0.940885
0.999998 0.001374 -0.001419 -0.000229 -0.001378 0.999995 -0.002794 0.010393 0.001415 0.002796 0.999995 -0.938033
0.999999 -0.000163 -0.001419 0.000476 0.000162 1.000000 -0.000762 0.012059 0.001419 0.000761 0.999999 -0.936253
0.999999 -0.000429 -0.001336 0.002290 0.000433 0.999996 0.002823 0.010010 0.001335 -0.002824 0.999995 -0.940117
0.999999 -0.001145 -0.000935 0.005865 0.001150 0.999988 0.004833 0.005377 0.000929 -0.004834 0.999988 -0.940256
0.999999 0.000678 -0.001244 0.003713 -0.000674 0.999996 0.002871 0.005583 0.001246 -0.002870 0.999995 -0.945479
0.999996 0.002635 -0.000586 -0.002022 -0.002636 0.999996 -0.001067 0.009031 0.000584 0.001068 0.999999 -0.960114
0.999998 0.002199 0.000323 -0.000028 -0.002198 0.999985 -0.004971 0.011914 -0.000334 0.004971 0.999988 -0.975046
0.999992 0.004005 0.000868 -0.001313 -0.004002 0.999986 -0.003456 0.014890 -0.000882 0.003453 0.999994 -0.981271
0.999973 0.007300 0.001075 -0.006408 -0.007300 0.999973 0.000652 0.012023 -0.001070 -0.000659 0.999999 -0.973976
0.999997 0.001771 0.001507 -0.001900 -0.001777 0.999991 0.003898 0.007118 -0.001500 -0.003900 0.999991 -0.978423
0.999999 -0.000575 0.001441 0.005437 0.000569 0.999992 0.003890 0.006405 -0.001443 -0.003889 0.999991 -0.978227
0.999996 -0.001600 0.002216 0.002005 0.001598 0.999998 0.000738 0.007934 -0.002217 -0.000734 0.999997 -0.976713
1.000000 -0.000026 0.000852 0.002964 0.000027 0.999999 -0.001338 0.009120 -0.000852 0.001338 0.999999 -0.998179
0.999994 -0.003063 0.001286 0.006397 0.003066 0.999991 -0.002779 0.012883 -0.001277 0.002783 0.999995 -0.989388
0.999999 -0.000027 0.001336 0.003183 0.000029 0.999999 -0.001279 0.012010 -0.001336 0.001280 0.999998 -1.003649
0.999999 -0.001356 0.001060 0.002342 0.001359 0.999996 -0.002528 0.012274 -0.001057 0.002530 0.999996 -0.985634
1.000000 0.000184 -0.000048 0.001661 -0.000184 0.999995 -0.003001 0.015002 0.000047 0.003001 0.999995 -1.001391
0.999982 -0.005938 0.000613 0.011407 0.005939 0.999980 -0.002276 0.016013 -0.000599 0.002280 0.999997 -0.989395
1.000000 0.000077 0.000187 0.005702 -0.000077 1.000000 0.000548 0.014506 -0.000187 -0.000548 1.000000 -0.997099
1.000000 -0.000222 -0.000232 0.006977 0.000223 0.999999 0.001645 0.011190 0.000232 -0.001645 0.999999 -0.987337
0.999997 -0.002494 -0.000108 0.010644 0.002495 0.999994 0.002248 0.010777 0.000103 -0.002248 0.999997 -0.988074
0.999999 0.000300 0.001043 -0.000060 -0.000300 1.000000 -0.000125 0.015462 -0.001043 0.000125 0.999999 -0.993202
0.999997 0.001930 0.001393 -0.002676 -0.001929 0.999997 -0.001180 0.014082 -0.001395 0.001178 0.999998 -0.984288
0.999999 -0.000369 0.000955 0.001881 0.000370 0.999999 -0.001025 0.014313 -0.000955 0.001025 0.999999 -0.988586
0.999997 -0.002401 0.000271 0.010771 0.002400 0.999990 0.003724 0.008360 -0.000280 -0.003723 0.999993 -0.975496
0.999999 -0.000856 0.000809 0.009935 0.000853 0.999991 0.004262 0.006461 -0.000812 -0.004261 0.999991 -0.966520
0.999999 -0.000900 0.000754 0.001141 0.000899 0.999999 0.001263 0.008225 -0.000755 -0.001262 0.999999 -0.968163
0.999999 0.001612 0.000176 0.001179 -0.001611 0.999993 -0.003476 0.012513 -0.000182 0.003476 0.999994 -0.978167
0.999998 0.002032 0.000292 -0.001815 -0.002031 0.999993 -0.003068 0.016204 -0.000298 0.003067 0.999995 -0.972034
0.999998 0.001717 0.000326 -0.000953 -0.001717 0.999998 -0.000576 0.015228 -0.000327 0.000575 1.000000 -0.960298
0.999996 0.002956 0.000313 -0.003784 -0.002956 0.999995 0.001276 0.013789 -0.000309 -0.001277 0.999999 -0.959432
0.999997 0.002498 0.000545 -0.003300 -0.002498 0.999996 0.001385 0.011749 -0.000541 -0.001387 0.999999 -0.956386
0.999998 0.001401 0.001089 0.000691 -0.001399 0.999998 -0.001117 0.012446 -0.001091 0.001115 0.999999 -0.949899
0.999995 0.003079 0.001106 -0.001785 -0.003074 0.999987 -0.004002 0.014593 -0.001119 0.003998 0.999991 -0.948764
0.999999 0.000975 0.000570 -0.000784 -0.000973 0.999988 -0.004876 0.017259 -0.000575 0.004875 0.999988 -0.945831
0.999998 -0.001656 0.000546 0.006001 0.001657 0.999996 -0.002230 0.017892 -0.000542 0.002230 0.999997 -0.946739
0.999998 -0.001537 0.001485 0.005990 0.001531 0.999991 0.003973 0.015142 -0.001491 -0.003970 0.999991 -0.934469
0.999996 -0.002360 0.001466 0.003213 0.002349 0.999967 0.007820 0.009431 -0.001485 -0.007817 0.999968 -0.917096
0.999997 -0.002444 0.000923 0.004897 0.002440 0.999985 0.004822 0.009806 -0.000935 -0.004819 0.999988 -0.912890
0.999987 -0.005018 0.001079 0.009621 0.005019 0.999987 -0.000925 0.012433 -0.001075 0.000930 0.999999 -0.909057
0.999995 -0.002903 0.000991 0.006911 0.002905 0.999993 -0.002336 0.019770 -0.000984 0.002339 0.999997 -0.885568
0.999996 -0.002471 0.001172 0.004328 0.002473 0.999996 -0.001627 0.019025 -0.001168 0.001630 0.999998 -0.891903
0.999999 -0.000856 0.001093 0.006486 0.000856 1.000000 0.000236 0.013314 -0.001093 -0.000235 0.999999 -0.865746
0.999997 -0.001847 0.001620 0.007513 0.001849 0.999998 -0.000919 0.017033 -0.001618 0.000922 0.999998 -0.851034
0.999999 -0.000837 0.001301 0.009267 0.000837 0.999999 -0.000563 0.015755 -0.001301 0.000564 0.999999 -0.846380
0.999999 0.000031 0.001621 -0.000671 -0.000030 1.000000 -0.000526 0.017332 -0.001621 0.000526 0.999999 -0.821851
0.999999 -0.000086 0.001357 0.002208 0.000087 0.999999 -0.001138 0.016750 -0.001357 0.001138 0.999998 -0.807071
0.999996 -0.002562 0.001380 0.007417 0.002565 0.999993 -0.002662 0.013696 -0.001373 0.002666 0.999996 -0.797620
0.999998 -0.001118 0.001352 0.005005 0.001124 0.999991 -0.004139 0.016817 -0.001348 0.004141 0.999991 -0.789263
0.999994 -0.003025 0.001825 0.004791 0.003028 0.999994 -0.001764 0.017455 -0.001820 0.001770 0.999997 -0.776088
0.999994 -0.003183 0.001394 0.006003 0.003178 0.999987 0.004044 0.017298 -0.001407 -0.004040 0.999991 -0.748086
0.999999 -0.000589 0.001311 0.004913 0.000580 0.999973 0.007274 0.011100 -0.001315 -0.007274 0.999973 -0.729400
0.999999 0.000352 0.001465 0.002111 -0.000361 0.999983 0.005854 0.005933 -0.001463 -0.005855 0.999982 -0.710280
0.999999 -0.000889 0.000471 0.006930 0.000889 0.999999 0.001232 0.003441 -0.000472 -0.001231 0.999999 -0.700264
0.999997 -0.002251 0.000842 0.009657 0.002254 0.999991 -0.003477 0.009248 -0.000834 0.003479 0.999994 -0.679026
0.999999 0.000140 0.001456 0.003379 -0.000136 0.999997 -0.002294 0.017799 -0.001456 0.002294 0.999996 -0.663353
0.999995 0.002907 0.001165 -0.002391 -0.002911 0.999990 0.003365 0.009596 -0.001155 -0.003369 0.999994 -0.641337
0.999971 0.007623 -0.000036 -0.006488 -0.007623 0.999957 0.005320 0.006472 0.000077 -0.005319 0.999986 -0.618633
0.999993 0.003534 -0.000968 -0.004811 -0.003529 0.999985 0.004290 0.017730 0.000983 -0.004287 0.999990 -0.594044
0.999992 -0.002526 -0.002944 0.000669 0.002526 0.999997 0.000116 0.007532 0.002943 -0.000124 0.999996 -0.587260
0.999980 -0.004719 -0.004101 0.011769 0.004706 0.999984 -0.003181 0.011558 0.004116 0.003162 0.999987 -0.574871
0.999988 0.001833 -0.004476 -0.004444 -0.001847 0.999994 -0.003073 0.008384 0.004470 0.003081 0.999985 -0.560639
0.999976 0.004029 -0.005699 -0.006615 -0.004053 0.999983 -0.004292 0.012201 0.005682 0.004315 0.999975 -0.547994
0.999956 0.004629 -0.008150 -0.010047 -0.004658 0.999982 -0.003660 0.018732 0.008133 0.003698 0.999960 -0.529978
0.999936 -0.003729 -0.010708 -0.001720 0.003729 0.999993 0.000061 0.011222 0.010708 -0.000101 0.999943 -0.516541
0.999871 -0.005287 -0.015140 0.002938 0.005291 0.999986 0.000262 0.010146 0.015138 -0.000343 0.999885 -0.502510
0.999824 -0.005070 -0.018074 -0.001156 0.005054 0.999987 -0.000899 0.008249 0.018078 0.000807 0.999836 -0.490244
0.999756 0.001584 -0.022019 -0.015180 -0.001601 0.999998 -0.000770 0.005453 0.022018 0.000805 0.999757 -0.482528
0.999657 0.003404 -0.025956 -0.028378 -0.003437 0.999993 -0.001226 0.008816 0.025952 0.001314 0.999662 -0.471693
0.999567 0.000932 -0.029393 -0.025173 -0.000987 0.999998 -0.001841 0.009353 0.029391 0.001869 0.999566 -0.461356
0.999454 0.000212 -0.033044 -0.024864 -0.000271 0.999998 -0.001783 0.009606 0.033044 0.001791 0.999452 -0.456120
0.999289 -0.000186 -0.037689 -0.025539 0.000153 1.000000 -0.000873 0.008004 0.037690 0.000867 0.999289 -0.451675
0.999110 -0.000470 -0.042181 -0.025455 0.000456 1.000000 -0.000349 0.005931 0.042181 0.000329 0.999110 -0.445962
0.998940 0.000051 -0.046025 -0.026784 -0.000073 1.000000 -0.000482 0.008653 0.046025 0.000484 0.998940 -0.435642
0.998719 -0.001949 -0.050563 -0.024432 0.002020 0.999997 0.001357 0.010871 0.050560 -0.001457 0.998720 -0.423844
0.998456 -0.000253 -0.055556 -0.026425 0.000363 0.999998 0.001971 0.011044 0.055555 -0.001988 0.998454 -0.411133
0.998236 0.000311 -0.059372 -0.030150 -0.000234 0.999999 0.001298 0.007332 0.059373 -0.001282 0.998235 -0.405187
0.998056 -0.000201 -0.062331 -0.031496 0.000261 1.000000 0.000955 0.005149 0.062331 -0.000969 0.998055 -0.399035
0.997890 0.000440 -0.064920 -0.034846 -0.000371 0.999999 0.001077 0.004296 0.064921 -0.001051 0.997890 -0.393578
0.997796 0.002556 -0.066314 -0.039900 -0.002476 0.999996 0.001293 0.006531 0.066317 -0.001126 0.997798 -0.388037
0.997834 0.000801 -0.065784 -0.040304 -0.000772 1.000000 0.000466 0.007818 0.065785 -0.000414 0.997834 -0.384668
0.997861 0.000415 -0.065374 -0.036812 -0.000532 0.999998 -0.001764 0.009367 0.065373 0.001795 0.997859 -0.385566
0.997915 -0.001855 -0.064518 -0.037780 0.001693 0.999995 -0.002570 0.003825 0.064523 0.002455 0.997913 -0.385479
0.997956 0.000599 -0.063895 -0.038897 -0.000648 1.000000 -0.000756 0.003440 0.063895 0.000796 0.997956 -0.383916
0.998064 0.003093 -0.062126 -0.041824 -0.003033 0.999995 0.001054 0.004352 0.062129 -0.000863 0.998068 -0.378831
0.998223 0.005440 -0.059340 -0.046685 -0.005387 0.999985 0.001038 0.004318 0.059345 -0.000717 0.998237 -0.378911
0.998382 -0.002239 -0.056813 -0.035345 0.002295 0.999997 0.000918 0.006141 0.056811 -0.001047 0.998384 -0.374361
0.998446 -0.004269 -0.055562 -0.027004 0.004314 0.999990 0.000686 0.005877 0.055558 -0.000924 0.998455 -0.373848
0.998659 -0.001148 -0.051757 -0.030707 0.001243 0.999998 0.001807 0.004239 0.051755 -0.001869 0.998658 -0.371816
0.998874 0.006857 -0.046939 -0.042186 -0.006835 0.999976 0.000637 0.001168 0.046942 -0.000315 0.998898 -0.370905
0.998973 0.014629 -0.042893 -0.052362 -0.014713 0.999890 -0.001633 0.000299 0.042865 0.002262 0.999078 -0.375520
0.999281 0.003912 -0.037724 -0.036579 -0.004000 0.999989 -0.002245 0.001313 0.037715 0.002394 0.999286 -0.375646
0.999385 -0.002776 -0.034942 -0.018087 0.002897 0.999990 0.003403 0.003925 0.034932 -0.003502 0.999384 -0.378027
0.999414 -0.011048 -0.032397 -0.002208 0.011201 0.999927 0.004536 0.009861 0.032345 -0.004896 0.999465 -0.380034
0.999560 -0.004914 -0.029250 -0.009319 0.005006 0.999983 0.003073 0.011136 0.029235 -0.003218 0.999567 -0.388944
0.999654 0.000950 -0.026273 -0.020235 -0.000899 0.999998 0.001954 0.007767 0.026275 -0.001929 0.999653 -0.397879
0.999688 0.007002 -0.023968 -0.026708 -0.006935 0.999972 0.002904 0.002458 0.023988 -0.002737 0.999709 -0.405658
0.999768 0.006524 -0.020516 -0.027732 -0.006368 0.999950 0.007659 -0.010297 0.020565 -0.007526 0.999760 -0.411192
0.999800 0.001605 -0.019956 -0.015321 -0.001463 0.999974 0.007129 -0.013492 0.019967 -0.007098 0.999775 -0.423208
0.999839 -0.003067 -0.017688 -0.005190 0.003074 0.999995 0.000352 -0.001216 0.017687 -0.000406 0.999843 -0.441160
0.999876 -0.002363 -0.015552 -0.005463 0.002289 0.999986 -0.004755 0.009191 0.015563 0.004719 0.999868 -0.458058
0.999893 -0.000026 -0.014602 -0.007046 -0.000021 0.999995 -0.003252 0.007792 0.014602 0.003252 0.999888 -0.472302
0.999909 0.002107 -0.013339 -0.010467 -0.002137 0.999995 -0.002270 0.005640 0.013334 0.002299 0.999908 -0.482905
0.999926 0.003506 -0.011688 -0.011097 -0.003513 0.999994 -0.000548 0.003998 0.011686 0.000589 0.999932 -0.497952
0.999944 0.002924 -0.010218 -0.009016 -0.002915 0.999995 0.000885 0.002678 0.010221 -0.000855 0.999947 -0.511693
0.999967 0.001862 -0.007909 -0.005806 -0.001857 0.999998 0.000671 0.002387 0.007910 -0.000656 0.999968 -0.525718
0.999983 0.001635 -0.005600 -0.005300 -0.001632 0.999999 0.000452 0.002769 0.005601 -0.000443 0.999984 -0.543506
0.999984 0.001083 -0.005604 -0.003257 -0.001076 0.999999 0.001173 0.001746 0.005605 -0.001167 0.999984 -0.561761
0.999982 0.000394 -0.005975 -0.002550 -0.000389 1.000000 0.000745 0.001478 0.005975 -0.000743 0.999982 -0.580115
0.999988 0.002409 -0.004319 -0.005250 -0.002408 0.999997 0.000195 0.001753 0.004320 -0.000184 0.999991 -0.603285
0.999995 0.001463 -0.002875 -0.004567 -0.001463 0.999999 0.000045 0.002377 0.002875 -0.000040 0.999996 -0.619159
0.999995 0.000915 -0.003003 -0.001884 -0.000916 1.000000 -0.000386 0.002394 0.003003 0.000389 0.999995 -0.639821
0.999995 0.002039 -0.002418 -0.002341 -0.002040 0.999998 -0.000456 0.002909 0.002417 0.000461 0.999997 -0.655532
0.999989 0.004560 -0.000700 -0.005930 -0.004561 0.999990 -0.000174 0.003161 0.000699 0.000177 1.000000 -0.673401
0.999993 0.003602 0.001017 -0.004285 -0.003601 0.999993 -0.000213 0.003672 -0.001018 0.000210 0.999999 -0.691549
0.999995 0.001864 0.002461 -0.000257 -0.001864 0.999998 0.000003 0.003292 -0.002461 -0.000007 0.999997 -0.707793
0.999989 0.002732 0.003940 -0.001615 -0.002732 0.999996 -0.000014 0.004246 -0.003940 0.000003 0.999992 -0.726853
0.999990 0.000629 0.004481 -0.001163 -0.000627 1.000000 -0.000446 0.002987 -0.004481 0.000444 0.999990 -0.742690
0.999990 0.001754 0.004204 -0.001682 -0.001747 0.999997 -0.001583 0.003620 -0.004207 0.001575 0.999990 -0.761398
0.999992 -0.000077 0.004058 0.003820 0.000083 0.999999 -0.001502 0.003771 -0.004058 0.001502 0.999991 -0.768519
0.999987 -0.003088 0.004131 0.009296 0.003097 0.999993 -0.002155 0.005231 -0.004125 0.002168 0.999989 -0.778442
0.999992 -0.000931 0.003851 0.012662 0.000935 0.999999 -0.001042 0.005239 -0.003850 0.001046 0.999992 -0.787662
0.999988 -0.002769 0.003991 0.009859 0.002765 0.999996 0.000923 0.005102 -0.003994 -0.000912 0.999992 -0.797112
0.999993 -0.002039 0.003198 0.006295 0.002026 0.999990 0.004022 0.006322 -0.003207 -0.004016 0.999987 -0.801579
0.999982 -0.005761 0.001380 0.012565 0.005754 0.999971 0.005046 0.000454 -0.001409 -0.005038 0.999986 -0.804793
0.999996 -0.002993 0.000015 0.005379 0.002993 0.999991 0.002975 0.003993 -0.000024 -0.002975 0.999996 -0.815687
0.999997 -0.002309 0.000287 0.005434 0.002309 0.999997 -0.000560 0.005988 -0.000285 0.000561 1.000000 -0.817519
0.999996 -0.002895 0.000109 0.006839 0.002895 0.999994 -0.001947 0.011200 -0.000103 0.001947 0.999998 -0.817338
1.000000 0.000948 -0.000113 0.003231 -0.000948 0.999999 -0.001061 0.008711 0.000112 0.001061 0.999999 -0.821551
0.999996 -0.002580 0.000612 0.006447 0.002580 0.999996 -0.000798 0.011414 -0.000610 0.000800 0.999999 -0.822702
0.999999 -0.001679 0.000315 0.005060 0.001679 0.999999 0.000240 0.012026 -0.000315 -0.000239 1.000000 -0.817903
0.999995 -0.003029 0.000257 0.006922 0.003029 0.999995 0.000427 0.011024 -0.000259 -0.000426 1.000000 -0.814482
0.999995 -0.002898 -0.001128 0.008402 0.002899 0.999995 0.001275 0.008691 0.001124 -0.001279 0.999999 -0.813893
0.999991 -0.003148 -0.002703 0.007992 0.003146 0.999995 -0.000642 0.010651 0.002705 0.000633 0.999996 -0.814482
0.999989 -0.002748 -0.003828 0.007156 0.002742 0.999995 -0.001432 0.011357 0.003832 0.001422 0.999992 -0.813603
0.999986 -0.002202 -0.004835 0.006251 0.002190 0.999994 -0.002501 0.012409 0.004840 0.002490 0.999985 -0.813214
0.999978 -0.002361 -0.006225 0.004990 0.002347 0.999995 -0.002175 0.013817 0.006230 0.002160 0.999978 -0.813372
0.999973 -0.000616 -0.007306 0.001515 0.000618 1.000000 0.000241 0.012492 0.007306 -0.000245 0.999973 -0.807521
0.999963 -0.000320 -0.008613 0.000327 0.000329 0.999999 0.001041 0.009075 0.008613 -0.001044 0.999962 -0.804234
0.999951 0.000133 -0.009859 -0.000498 -0.000128 1.000000 0.000449 0.008356 0.009859 -0.000447 0.999951 -0.806744
0.999948 0.000945 -0.010176 -0.001888 -0.000955 0.999999 -0.000964 0.011026 0.010175 0.000974 0.999948 -0.799270
0.999943 -0.001260 -0.010601 -0.000679 0.001250 0.999999 -0.000955 0.011912 0.010602 0.000942 0.999943 -0.795115
0.999939 0.001154 -0.010991 -0.003460 -0.001163 0.999999 -0.000775 0.010614 0.010990 0.000787 0.999939 -0.791354
0.999940 0.000076 -0.010930 -0.001626 -0.000071 1.000000 0.000420 0.011140 0.010930 -0.000419 0.999940 -0.784123
0.999940 0.000416 -0.010928 -0.002074 -0.000409 1.000000 0.000644 0.011371 0.010928 -0.000639 0.999940 -0.781212
0.999945 -0.000507 -0.010486 -0.001035 0.000518 0.999999 0.001085 0.011586 0.010485 -0.001090 0.999944 -0.776078
0.999947 0.000733 -0.010255 -0.001567 -0.000722 0.999999 0.001045 0.009463 0.010256 -0.001037 0.999947 -0.769592
0.999955 0.000668 -0.009440 -0.002575 -0.000662 1.000000 0.000650 0.010642 0.009441 -0.000644 0.999955 -0.763256
0.999954 0.000624 -0.009601 -0.001909 -0.000620 1.000000 0.000497 0.010054 0.009601 -0.000491 0.999954 -0.756321
0.999957 0.000367 -0.009300 -0.003263 -0.000365 1.000000 0.000170 0.013834 0.009300 -0.000166 0.999957 -0.743751
0.999963 0.000938 -0.008582 -0.003391 -0.000943 0.999999 -0.000558 0.010687 0.008581 0.000566 0.999963 -0.741580
0.999972 0.001478 -0.007302 -0.004952 -0.001488 0.999998 -0.001344 0.013641 0.007300 0.001355 0.999972 -0.731952
0.999983 0.002660 -0.005218 -0.005273 -0.002670 0.999995 -0.001950 0.013006 0.005213 0.001963 0.999984 -0.721775
0.999988 0.003005 -0.003839 -0.004174 -0.003012 0.999994 -0.001900 0.012277 0.003833 0.001912 0.999991 -0.713294
0.999995 0.001547 -0.002790 -0.000013 -0.001550 0.999998 -0.001290 0.012367 0.002788 0.001295 0.999995 -0.705232
0.999998 0.000287 -0.001745 0.001442 -0.000288 1.000000 -0.000906 0.011566 0.001745 0.000906 0.999998 -0.690363
0.999999 0.000866 -0.000758 -0.000636 -0.000866 1.000000 0.000323 0.011973 0.000758 -0.000322 1.000000 -0.669487
0.999999 0.000826 0.000990 -0.001189 -0.000827 0.999999 0.000933 0.012354 -0.000989 -0.000933 0.999999 -0.654770
0.999996 0.000682 0.002915 0.001332 -0.000686 0.999999 0.001342 0.015022 -0.002914 -0.001344 0.999995 -0.631866
0.999986 0.000113 0.005267 0.002392 -0.000116 1.000000 0.000463 0.010902 -0.005267 -0.000463 0.999986 -0.617137
0.999967 -0.000379 0.008084 0.006843 0.000373 1.000000 0.000749 0.011071 -0.008085 -0.000746 0.999967 -0.599201
0.999936 -0.000864 0.011256 0.008720 0.000863 1.000000 0.000044 0.010695 -0.011256 -0.000034 0.999937 -0.577635
0.999905 -0.000552 0.013773 0.011727 0.000549 1.000000 0.000266 0.012494 -0.013774 -0.000259 0.999905 -0.556358
0.999848 -0.000430 0.017424 0.009950 0.000406 0.999999 0.001408 0.009058 -0.017424 -0.001401 0.999847 -0.540355
0.999767 -0.000981 0.021544 0.012118 0.000924 0.999996 0.002666 0.006805 -0.021546 -0.002646 0.999764 -0.532340
0.999691 -0.001360 0.024812 0.015355 0.001287 0.999995 0.002992 0.007913 -0.024816 -0.002959 0.999688 -0.527132
0.999593 -0.001046 0.028522 0.017437 0.000998 0.999998 0.001681 0.006876 -0.028524 -0.001652 0.999592 -0.523575
0.999442 -0.001209 0.033378 0.018578 0.001230 0.999999 -0.000630 0.005634 -0.033377 0.000671 0.999443 -0.522911
0.999262 0.000030 0.038416 0.017456 0.000062 0.999997 -0.002387 0.003735 -0.038416 0.002388 0.999259 -0.524054
0.999079 -0.001008 0.042897 0.016692 0.001179 0.999991 -0.003975 0.010367 -0.042892 0.004022 0.999072 -0.505665
0.998921 -0.001197 0.046420 0.017827 0.001409 0.999989 -0.004540 0.009156 -0.046414 0.004600 0.998912 -0.508160
0.998735 -0.003382 0.050164 0.021021 0.003593 0.999985 -0.004124 0.011962 -0.050149 0.004299 0.998732 -0.501611
0.998534 -0.002664 0.054060 0.021470 0.002796 0.999993 -0.002368 0.011075 -0.054053 0.002516 0.998535 -0.495596
0.998293 0.000163 0.058397 0.020065 -0.000135 1.000000 -0.000489 0.009005 -0.058397 0.000480 0.998293 -0.493835
0.997995 0.003163 0.063220 0.016677 -0.003280 0.999993 0.001750 0.004388 -0.063214 -0.001954 0.997998 -0.491992
0.997775 0.001984 0.066648 0.024515 -0.002294 0.999987 0.004581 0.004991 -0.066638 -0.004724 0.997766 -0.480643
0.997665 0.002892 0.068231 0.033777 -0.003247 0.999982 0.005096 0.003799 -0.068215 -0.005306 0.997657 -0.470470
0.997569 -0.001983 0.069664 0.034862 0.001715 0.999991 0.003907 -0.002756 -0.069671 -0.003778 0.997563 -0.474252
0.997536 -0.001524 0.070137 0.036152 0.001342 0.999996 0.002647 -0.003341 -0.070140 -0.002547 0.997534 -0.467452
0.997541 0.000822 0.070085 0.033816 -0.000970 0.999997 0.002065 -0.003878 -0.070084 -0.002128 0.997539 -0.468075
0.997607 0.002165 0.069103 0.032809 -0.002130 0.999998 -0.000583 -0.001348 -0.069104 0.000435 0.997609 -0.469689
0.997655 0.000024 0.068447 0.037520 0.000306 0.999988 -0.004816 -0.000108 -0.068446 0.004826 0.997643 -0.472879
0.997706 0.001341 0.067686 0.040369 -0.000898 0.999978 -0.006574 0.002066 -0.067693 0.006498 0.997685 -0.473516
0.997843 -0.000648 0.065642 0.041061 0.001039 0.999982 -0.005925 0.005010 -0.065637 0.005980 0.997826 -0.475305
0.998090 0.000211 0.061774 0.040645 0.000202 0.999978 -0.006673 0.005655 -0.061774 0.006673 0.998068 -0.473993
0.998388 -0.002973 0.056673 0.043208 0.003253 0.999983 -0.004840 0.011769 -0.056657 0.005016 0.998381 -0.463852
0.998746 -0.003412 0.049954 0.041649 0.003552 0.999990 -0.002722 0.011796 -0.049945 0.002896 0.998748 -0.461920
0.999069 -0.007101 0.042554 0.045013 0.007181 0.999973 -0.001731 0.010321 -0.042541 0.002035 0.999093 -0.462949
0.999311 -0.004029 0.036907 0.037930 0.003959 0.999990 0.001987 0.003879 -0.036914 -0.001840 0.999317 -0.468335
0.999482 -0.001862 0.032115 0.024359 0.001840 0.999998 0.000721 0.003229 -0.032116 -0.000662 0.999484 -0.476478
0.999725 0.005783 0.022738 0.009147 -0.005795 0.999983 0.000471 0.004701 -0.022735 -0.000602 0.999741 -0.487018
0.999867 0.002979 0.016016 0.009198 -0.002974 0.999996 -0.000379 0.009011 -0.016017 0.000331 0.999872 -0.492914
0.999907 -0.004166 0.012993 0.016716 0.004158 0.999991 0.000632 0.004487 -0.012996 -0.000578 0.999915 -0.501623
0.999936 -0.005644 0.009797 0.019751 0.005646 0.999984 -0.000156 0.000380 -0.009796 0.000211 0.999952 -0.510679
0.999953 -0.007640 0.006031 0.018060 0.007631 0.999970 0.001587 0.001536 -0.006043 -0.001541 0.999981 -0.518228
0.999983 -0.005169 0.002866 0.013714 0.005158 0.999980 0.003695 0.004108 -0.002885 -0.003680 0.999989 -0.527451
0.999999 -0.000843 0.000714 0.004278 0.000841 0.999996 0.002509 0.007430 -0.000716 -0.002508 0.999997 -0.539944
0.999994 0.002142 -0.002619 -0.002199 -0.002133 0.999992 0.003455 0.004773 0.002627 -0.003450 0.999991 -0.551256
0.999987 0.002898 -0.004305 -0.001674 -0.002871 0.999976 0.006364 -0.003653 0.004323 -0.006351 0.999970 -0.558443
0.999990 0.000665 -0.004447 0.003105 -0.000645 0.999989 0.004586 -0.002967 0.004450 -0.004583 0.999980 -0.579500
0.999978 -0.005083 -0.004163 -0.001068 0.005080 0.999987 -0.000692 0.001150 0.004167 0.000671 0.999991 -0.573157
0.999975 -0.004113 -0.005749 0.014449 0.004089 0.999983 -0.004197 0.002582 0.005766 0.004174 0.999975 -0.614589
0.999988 0.001899 -0.004450 -0.010144 -0.001921 0.999986 -0.004872 0.006689 0.004441 0.004881 0.999978 -0.599768
0.999989 0.003113 -0.003639 -0.005030 -0.003133 0.999979 -0.005669 0.006957 0.003622 0.005680 0.999977 -0.638972
0.999992 0.001462 -0.003593 -0.000733 -0.001479 0.999988 -0.004773 0.009423 0.003586 0.004778 0.999982 -0.647166
0.999985 0.004552 -0.002997 -0.001430 -0.004554 0.999989 -0.000694 0.005682 0.002993 0.000707 0.999995 -0.654748
0.999990 0.004351 -0.000395 -0.003793 -0.004350 0.999986 0.003121 0.006090 0.000408 -0.003119 0.999995 -0.660904
0.999997 0.002511 0.000314 0.000369 -0.002513 0.999972 0.007051 0.002811 -0.000297 -0.007052 0.999975 -0.670853
1.000000 -0.000662 0.000677 0.006235 0.000657 0.999977 0.006682 -0.001262 -0.000681 -0.006682 0.999977 -0.678981
0.999994 -0.002077 0.002611 0.007542 0.002067 0.999990 0.003924 -0.006072 -0.002619 -0.003919 0.999989 -0.692922
0.999996 0.000647 0.002637 0.002768 -0.000636 0.999991 -0.004096 -0.001818 -0.002640 0.004095 0.999988 -0.713985
0.999996 0.002406 0.001656 0.000748 -0.002393 0.999968 -0.007587 0.008159 -0.001674 0.007583 0.999970 -0.730568
0.999995 -0.001748 0.002749 0.003723 0.001764 0.999982 -0.005781 0.014332 -0.002739 0.005786 0.999980 -0.736623
0.999993 -0.003218 0.001792 0.011134 0.003217 0.999995 0.000741 0.010106 -0.001795 -0.000735 0.999998 -0.743385
0.999987 -0.004599 0.002053 0.013707 0.004589 0.999978 0.004737 0.003377 -0.002075 -0.004727 0.999987 -0.752096
0.999993 0.000484 0.003793 0.008135 -0.000505 0.999985 0.005491 -0.000768 -0.003790 -0.005493 0.999978 -0.765567
0.999990 0.002000 0.004044 0.002400 -0.002012 0.999993 0.002998 0.000546 -0.004038 -0.003006 0.999987 -0.775736
0.999990 0.002076 0.004040 0.001870 -0.002070 0.999997 -0.001425 0.004312 -0.004043 0.001417 0.999991 -0.791085
0.999987 0.003572 0.003587 -0.000480 -0.003564 0.999992 -0.002041 0.008388 -0.003594 0.002028 0.999991 -0.802752
0.999998 0.000612 0.002078 -0.000200 -0.000606 0.999996 -0.002802 0.009344 -0.002080 0.002800 0.999994 -0.816706
0.999994 0.003003 0.001503 -0.001942 -0.002999 0.999993 -0.002295 0.007088 -0.001510 0.002290 0.999996 -0.820935
0.999987 0.005043 0.000688 -0.004844 -0.005042 0.999987 -0.001197 0.007012 -0.000694 0.001193 0.999999 -0.824906
0.999999 -0.001130 0.000878 0.000088 0.001132 0.999998 -0.001662 0.009854 -0.000876 0.001663 0.999998 -0.821869
0.999986 -0.005232 -0.000584 0.014221 0.005233 0.999984 0.001958 0.006873 0.000574 -0.001961 0.999998 -0.831460
0.999987 -0.005031 -0.000544 0.012933 0.005033 0.999982 0.003325 0.003705 0.000527 -0.003328 0.999994 -0.841622
0.999962 -0.008654 -0.000978 0.019415 0.008656 0.999961 0.001650 0.001121 0.000964 -0.001658 0.999998 -0.850827
0.999976 -0.006159 -0.003047 0.018458 0.006157 0.999981 -0.000649 0.005271 0.003051 0.000630 0.999995 -0.849843
0.999991 -0.003009 -0.002893 0.012203 0.003003 0.999993 -0.002216 0.011341 0.002899 0.002207 0.999993 -0.854978
0.999997 -0.000335 -0.002583 0.007069 0.000338 1.000000 0.000815 0.006729 0.002583 -0.000816 0.999996 -0.860312
0.999996 0.002109 -0.002125 0.005934 -0.002104 0.999994 0.002687 0.005055 0.002130 -0.002683 0.999994 -0.856416
0.999980 0.006202 -0.001389 0.003484 -0.006204 0.999980 -0.001374 0.006560 0.001381 0.001383 0.999998 -0.873263
0.999975 0.007075 -0.000408 -0.004904 -0.007074 0.999974 0.001488 0.010624 0.000418 -0.001485 0.999999 -0.856136
0.999999 0.000479 -0.001282 -0.000141 -0.000479 1.000000 -0.000202 0.013276 0.001282 0.000203 0.999999 -0.860264
0.999993 -0.003473 -0.001541 0.005827 0.003469 0.999990 -0.002937 0.010010 0.001551 0.002932 0.999994 -0.870908
0.999993 -0.003653 -0.001082 0.010575 0.003647 0.999977 -0.005759 0.012836 0.001103 0.005755 0.999983 -0.853437
0.999989 -0.004661 -0.001006 0.011449 0.004657 0.999980 -0.004263 0.019297 0.001026 0.004258 0.999990 -0.848138
0.999997 0.002185 -0.001320 0.005873 -0.002176 0.999977 0.006406 0.012883 0.001334 -0.006403 0.999979 -0.849717
0.999971 0.007592 -0.000178 -0.003142 -0.007589 0.999869 0.014263 0.004649 0.000287 -0.014261 0.999898 -0.832570
0.999990 0.004397 0.000671 -0.006953 -0.004403 0.999950 0.008959 -0.002706 -0.000631 -0.008962 0.999960 -0.836936
0.999999 0.000781 0.000903 0.003819 -0.000773 0.999958 -0.009084 0.003283 -0.000910 0.009083 0.999958 -0.843631
0.999997 0.001774 0.001597 0.001154 -0.001740 0.999781 -0.020845 0.023016 -0.001634 0.020842 0.999781 -0.860200
0.999999 0.000021 0.001301 0.001366 -0.000001 0.999885 -0.015138 0.034386 -0.001301 0.015138 0.999885 -0.854532
0.999994 -0.003238 0.000774 0.007636 0.003234 0.999979 0.005672 0.017663 -0.000793 -0.005669 0.999984 -0.834486
0.999987 -0.004814 0.001515 0.013137 0.004789 0.999858 0.016155 0.000356 -0.001592 -0.016148 0.999868 -0.818737
0.999997 0.001904 0.001271 0.001959 -0.001914 0.999966 0.007994 -0.006046 -0.001255 -0.007996 0.999967 -0.829548
0.999988 0.004362 0.002319 -0.004713 -0.004363 0.999990 0.000726 0.010085 -0.002315 -0.000736 0.999997 -0.825539
0.999996 -0.000142 0.002797 0.005998 0.000147 0.999999 -0.001683 0.017486 -0.002796 0.001683 0.999995 -0.832615
0.999993 0.000743 0.003746 0.008228 -0.000748 0.999999 0.001430 0.005367 -0.003745 -0.001433 0.999992 -0.829210
0.999987 -0.000676 0.004968 0.004850 0.000668 0.999998 0.001730 0.008737 -0.004969 -0.001727 0.999986 -0.819640
0.999982 -0.005146 0.003085 0.012326 0.005146 0.999987 0.000061 0.012815 -0.003086 -0.000046 0.999995 -0.820700
0.999979 -0.006090 0.002227 0.014625 0.006090 0.999981 0.000340 0.007613 -0.002229 -0.000326 0.999997 -0.815167
0.999996 -0.001760 0.002127 0.006393 0.001764 0.999997 -0.001867 0.011599 -0.002124 0.001871 0.999996 -0.814953
0.999998 0.001200 0.001548 0.002014 -0.001192 0.999987 -0.004913 0.015029 -0.001554 0.004911 0.999987 -0.817467
0.999998 0.001466 0.001564 0.003978 -0.001466 0.999999 -0.000026 0.014114 -0.001564 0.000024 0.999999 -0.808252
0.999994 0.002289 0.002758 0.000891 -0.002297 0.999993 0.003009 0.011843 -0.002751 -0.003015 0.999992 -0.809633
0.999972 0.005601 0.004994 -0.004020 -0.005621 0.999977 0.003912 0.007885 -0.004972 -0.003940 0.999980 -0.803078
0.999973 0.003046 0.006755 -0.001947 -0.003054 0.999995 0.001207 0.004576 -0.006751 -0.001228 0.999976 -0.798874
0.999976 0.000973 0.006797 0.002912 -0.000938 0.999987 -0.005089 0.007075 -0.006802 0.005083 0.999964 -0.804917
0.999978 0.001279 0.006435 0.004530 -0.001227 0.999966 -0.008133 0.012898 -0.006446 0.008124 0.999946 -0.807098
0.999991 0.001612 0.004024 0.006242 -0.001575 0.999957 -0.009110 0.012595 -0.004038 0.009104 0.999950 -0.824260
0.999965 -0.007078 0.004375 0.012420 0.007089 0.999972 -0.002485 0.016039 -0.004358 0.002516 0.999987 -0.799240
0.999986 -0.001987 0.004915 0.011258 0.001963 0.999987 0.004749 0.012304 -0.004925 -0.004739 0.999977 -0.802620
0.999971 0.001164 0.007496 0.001400 -0.001242 0.999945 0.010460 0.003818 -0.007484 -0.010469 0.999917 -0.791012
0.999970 0.004141 0.006479 0.002563 -0.004178 0.999975 0.005734 -0.003899 -0.006455 -0.005761 0.999963 -0.807628
0.999975 0.000752 0.006972 0.001563 -0.000746 0.999999 -0.000808 0.003719 -0.006973 0.000803 0.999975 -0.815539
0.999944 -0.007188 0.007718 0.018856 0.007213 0.999969 -0.003162 0.012826 -0.007695 0.003217 0.999965 -0.822331
0.999954 -0.005356 0.007942 0.020529 0.005342 0.999984 0.001780 0.010267 -0.007952 -0.001738 0.999967 -0.813860
0.999947 -0.002041 0.010083 0.009020 0.001978 0.999978 0.006255 0.003926 -0.010095 -0.006234 0.999930 -0.808286
0.999963 0.001574 0.008416 0.006328 -0.001597 0.999995 0.002752 0.001867 -0.008412 -0.002765 0.999961 -0.819469
0.999967 -0.000413 0.008151 0.010029 0.000433 0.999997 -0.002485 0.005725 -0.008150 0.002488 0.999964 -0.820560
0.999962 -0.003390 0.008022 0.014717 0.003443 0.999971 -0.006721 0.012626 -0.007999 0.006748 0.999945 -0.827057
0.999957 -0.003880 0.008397 0.016077 0.003926 0.999978 -0.005363 0.013773 -0.008376 0.005396 0.999950 -0.826991
0.999970 0.000742 0.007695 0.007219 -0.000720 0.999996 -0.002911 0.011266 -0.007697 0.002905 0.999966 -0.826361
0.999979 -0.000943 0.006363 0.006785 0.000954 0.999998 -0.001788 0.011622 -0.006361 0.001794 0.999978 -0.825293
0.999991 0.001016 0.004073 0.007447 -0.001025 0.999997 0.002069 0.010815 -0.004071 -0.002073 0.999990 -0.821281
0.999980 -0.004720 0.004288 0.015386 0.004696 0.999973 0.005713 0.008902 -0.004315 -0.005693 0.999974 -0.815696
0.999978 -0.005660 0.003533 0.015525 0.005636 0.999960 0.006912 0.005128 -0.003572 -0.006891 0.999970 -0.814321
0.999995 -0.001053 0.003030 0.008606 0.001046 0.999996 0.002524 0.001517 -0.003033 -0.002521 0.999992 -0.819444
0.999993 -0.002080 0.003211 0.012492 0.002099 0.999981 -0.005853 0.008730 -0.003198 0.005859 0.999978 -0.823647
0.999994 -0.002503 0.002508 0.011290 0.002528 0.999944 -0.010272 0.013410 -0.002482 0.010279 0.999944 -0.831865
0.999992 -0.001561 0.003661 0.009449 0.001587 0.999973 -0.007123 0.020788 -0.003649 0.007129 0.999968 -0.832492
0.999982 0.003504 0.004867 0.003181 -0.003521 0.999988 0.003439 0.016050 -0.004855 -0.003456 0.999982 -0.810393
0.999906 0.012548 0.005498 -0.007867 -0.012604 0.999868 0.010223 0.005119 -0.005369 -0.010291 0.999933 -0.815773
0.999972 0.002530 0.007092 -0.002363 -0.002565 0.999984 0.004952 -0.002976 -0.007080 -0.004970 0.999963 -0.810386
0.999970 -0.003889 0.006717 0.016549 0.003895 0.999992 -0.000962 0.004432 -0.006713 0.000988 0.999977 -0.831187
0.999967 0.001858 0.007875 0.005573 -0.001810 0.999980 -0.006065 0.015129 -0.007886 0.006050 0.999951 -0.833748
0.999957 0.005248 0.007673 -0.002953 -0.005223 0.999981 -0.003298 0.013317 -0.007690 0.003258 0.999965 -0.827849
0.999944 0.008759 0.005936 -0.004218 -0.008736 0.999954 -0.003868 0.007231 -0.005970 0.003816 0.999975 -0.838853
0.999971 0.004073 0.006362 -0.001103 -0.004074 0.999992 0.000130 0.015608 -0.006362 -0.000156 0.999980 -0.833239
0.999975 0.003051 0.006418 -0.000911 -0.003096 0.999971 0.006929 0.013252 -0.006397 -0.006948 0.999955 -0.827173
0.999932 0.009004 0.007467 -0.005871 -0.009080 0.999906 0.010282 -0.000503 -0.007374 -0.010350 0.999919 -0.824729
0.999927 0.009975 0.006805 -0.015026 -0.010002 0.999942 0.004052 -0.000742 -0.006764 -0.004120 0.999969 -0.831198
0.999971 -0.003599 0.006706 0.003791 0.003648 0.999966 -0.007433 0.008305 -0.006679 0.007457 0.999950 -0.835883
0.999931 -0.010476 0.005361 0.017507 0.010545 0.999858 -0.013121 0.016499 -0.005223 0.013176 0.999900 -0.846278
0.999977 -0.004799 0.004885 0.012866 0.004836 0.999960 -0.007544 0.022951 -0.004849 0.007567 0.999960 -0.852152
0.999993 0.000459 0.003689 0.005566 -0.000470 0.999995 0.003012 0.014752 -0.003688 -0.003014 0.999989 -0.840869
0.999996 -0.002116 0.001952 0.008251 0.002094 0.999939 0.010849 0.003911 -0.001975 -0.010845 0.999939 -0.835884
0.999933 -0.011253 0.002786 0.016608 0.011227 0.999894 0.009268 0.000826 -0.002890 -0.009237 0.999953 -0.831885
0.999996 0.001593 0.002215 0.004671 -0.001601 0.999992 0.003679 0.001993 -0.002210 -0.003682 0.999991 -0.843627
0.999981 0.005621 0.002540 -0.006954 -0.005609 0.999973 -0.004769 0.008088 -0.002567 0.004754 0.999985 -0.862125
1.000000 0.000413 0.000249 -0.002030 -0.000411 0.999962 -0.008761 0.011719 -0.000253 0.008761 0.999962 -0.864903
0.999999 -0.001480 -0.000069 0.005809 0.001480 0.999984 -0.005442 0.014048 0.000077 0.005442 0.999985 -0.852403
0.999998 -0.000043 0.001785 0.001524 0.000042 1.000000 0.000814 0.015455 -0.001785 -0.000814 0.999998 -0.851227
0.999994 0.002878 0.002069 0.002865 -0.002897 0.999954 0.009142 0.008043 -0.002042 -0.009148 0.999956 -0.848865
0.999946 0.010116 0.002211 -0.007894 -0.010142 0.999880 0.011708 0.001230 -0.002093 -0.011729 0.999929 -0.849555
0.999945 0.010236 0.002089 -0.011985 -0.010244 0.999939 0.004112 -0.000136 -0.002047 -0.004133 0.999989 -0.852283
0.999997 -0.002296 0.000977 0.007874 0.002301 0.999987 -0.004539 0.005488 -0.000967 0.004541 0.999989 -0.858418
0.999985 -0.005428 0.001229 0.011676 0.005441 0.999927 -0.010752 0.017576 -0.001171 0.010758 0.999941 -0.854922
0.999998 -0.001003 0.001518 0.005747 0.001008 0.999993 -0.003625 0.022189 -0.001514 0.003626 0.999992 -0.848944
0.999999 0.000680 0.000779 0.002804 -0.000683 0.999993 0.003753 0.011955 -0.000776 -0.003754 0.999993 -0.845166
1.000000 -0.000685 -0.000318 0.006044 0.000687 0.999980 0.006257 0.003900 0.000314 -0.006257 0.999980 -0.841385
0.999977 -0.006818 0.000440 0.013533 0.006818 0.999977 0.000408 0.006414 -0.000442 -0.000405 1.000000 -0.841515
0.999996 -0.002639 0.000426 0.008477 0.002640 0.999992 -0.003033 0.012601 -0.000418 0.003034 0.999995 -0.841302
0.999993 -0.003777 0.000800 0.009019 0.003779 0.999988 -0.003202 0.014730 -0.000788 0.003205 0.999995 -0.841096
0.999993 -0.003628 0.000127 0.008813 0.003628 0.999990 -0.002752 0.012507 -0.000117 0.002752 0.999996 -0.836542
0.999994 -0.003356 0.000602 0.009766 0.003356 0.999994 0.000481 0.012900 -0.000604 -0.000479 1.000000 -0.826638
0.999998 0.001884 0.000517 0.001117 -0.001886 0.999992 0.003645 0.014078 -0.000510 -0.003646 0.999993 -0.816258
0.999996 -0.002635 0.000863 0.008430 0.002630 0.999982 0.005421 0.005696 -0.000877 -0.005419 0.999985 -0.807944
0.999998 -0.001643 0.001279 0.008891 0.001643 0.999999 -0.000116 0.003551 -0.001279 0.000118 0.999999 -0.809594
0.999998 0.000066 0.002116 0.004857 -0.000046 0.999953 -0.009704 0.012447 -0.002117 0.009704 0.999951 -0.805061
0.999996 0.002281 0.001652 0.000068 -0.002265 0.999956 -0.009096 0.022631 -0.001673 0.009092 0.999957 -0.800576
0.999982 0.006038 0.000440 -0.002234 -0.006037 0.999980 -0.001761 0.021024 -0.000451 0.001758 0.999998 -0.774876
0.999999 0.001042 0.000590 0.001388 -0.001046 0.999976 0.006878 0.010043 -0.000583 -0.006879 0.999976 -0.754086
0.999998 -0.002053 -0.000674 0.005960 0.002056 0.999985 0.005027 0.005277 0.000664 -0.005028 0.999987 -0.737790
1.000000 -0.000092 -0.000881 0.004221 0.000097 0.999983 0.005913 0.010072 0.000881 -0.005913 0.999982 -0.720132
0.999997 0.002493 -0.000446 -0.001358 -0.002491 0.999991 0.003386 0.012953 0.000455 -0.003385 0.999994 -0.695704
0.999991 0.003196 -0.002753 -0.002728 -0.003183 0.999984 0.004674 0.007675 0.002768 -0.004665 0.999985 -0.683111
