1.000000 0.000000 0.000000 0.000000 0.000000 1.000000 0.000000 0.000000 0.000000 0.000000 1.000000 0.000000
0.999058 0.000459 -0.043384 -0.006429 -0.000355 0.999997 0.002401 0.019256 0.043385 -0.002383 0.999056 -1.027865
0.998988 0.004718 -0.044738 -0.012378 -0.004499 0.999977 0.004997 0.017778 0.044761 -0.004791 0.998986 -1.030603
0.998972 -0.000118 -0.045323 -0.007887 0.000305 0.999992 0.004098 0.014311 0.045323 -0.004108 0.998964 -1.026607
0.998933 -0.001929 -0.046135 -0.006898 0.002049 0.999995 0.002553 0.016032 0.046130 -0.002645 0.998932 -1.035752
0.998921 0.002533 -0.046375 -0.009172 -0.002527 0.999997 0.000196 0.018453 0.046375 -0.000078 0.998924 -1.034866
0.998929 0.001076 -0.046260 -0.006831 -0.001008 0.999998 0.001510 0.020576 0.046261 -0.001462 0.998928 -1.023837
0.998958 0.003696 -0.045491 -0.010067 -0.003561 0.999989 0.003064 0.018914 0.045502 -0.002899 0.998960 -1.017839
0.999008 0.002824 -0.044433 -0.014036 -0.002722 0.999994 0.002363 0.016782 0.044440 -0.002239 0.999010 -1.025453
0.998969 0.000528 -0.045387 -0.005629 -0.000461 0.999999 0.001466 0.015084 0.045388 -0.001444 0.998968 -1.014806
0.998929 0.000221 -0.046266 -0.001880 -0.000249 1.000000 -0.000598 0.018065 0.046266 0.000609 0.998929 -1.008259
0.998889 -0.000373 -0.047125 0.002038 0.000371 1.000000 -0.000045 0.019279 0.047125 0.000028 0.998889 -1.000039
0.998879 -0.000074 -0.047346 0.003389 0.000060 1.000000 -0.000307 0.019513 0.047346 0.000304 0.998878 -1.000891
0.998901 0.000910 -0.046863 0.002869 -0.000867 0.999999 0.000935 0.018887 0.046863 -0.000893 0.998901 -0.997222
0.998907 0.002545 -0.046671 -0.001719 -0.002512 0.999997 0.000756 0.016771 0.046673 -0.000638 0.998910 -1.002995
0.998931 -0.000062 -0.046215 0.002305 0.000139 0.999999 0.001650 0.016631 0.046215 -0.001654 0.998930 -0.995650
0.998909 0.004130 -0.046526 -0.004862 -0.004132 0.999991 0.000044 0.015772 0.046526 0.000148 0.998917 -0.998138
0.998916 -0.000681 -0.046546 0.001101 0.000721 0.999999 0.000850 0.016563 0.046546 -0.000882 0.998916 -0.994639
0.998876 0.000452 -0.047406 0.003736 -0.000348 0.999998 0.002198 0.017133 0.047407 -0.002179 0.998873 -0.994422
0.998874 0.003766 -0.047283 0.001424 -0.003682 0.999991 0.001875 0.012825 0.047290 -0.001699 0.998880 -0.992301
0.998896 -0.000926 -0.046958 0.005387 0.001006 0.999998 0.001663 0.014442 0.046957 -0.001709 0.998895 -0.989286
0.998900 0.002027 -0.046847 0.005436 -0.001884 0.999993 0.003095 0.014385 0.046853 -0.003004 0.998897 -0.992079
0.998903 0.003874 -0.046660 0.007278 -0.003666 0.999983 0.004542 0.007922 0.046677 -0.004366 0.998900 -0.998667
0.998964 0.000655 -0.045504 0.009365 -0.000578 0.999998 0.001698 0.005853 0.045505 -0.001670 0.998963 -1.000890
0.999025 0.004082 -0.043961 0.005444 -0.004067 0.999992 0.000423 0.009635 0.043963 -0.000244 0.999033 -1.007391
0.999149 0.003123 -0.041129 -0.003373 -0.003089 0.999995 0.000894 0.013811 0.041131 -0.000767 0.999153 -1.002079
0.999259 0.000774 -0.038489 0.001487 -0.000657 0.999995 0.003048 0.008671 0.038491 -0.003021 0.999254 -1.004327
0.999354 -0.000224 -0.035931 0.001526 0.000194 1.000000 -0.000860 0.008691 0.035931 0.000852 0.999354 -1.016465
0.999376 0.001791 -0.035276 -0.001892 -0.001829 0.999998 -0.001037 0.012855 0.035274 0.001101 0.999377 -1.030144
0.999413 0.000121 -0.034265 -0.000255 -0.000115 1.000000 0.000187 0.011410 0.034265 -0.000183 0.999413 -1.025711
0.999439 -0.002927 -0.033374 0.003499 0.003007 0.999993 0.002337 0.007089 0.033367 -0.002436 0.999440 -1.028900
0.999502 -0.000406 -0.031549 -0.001584 0.000454 0.999999 0.001494 0.007191 0.031548 -0.001507 0.999501 -1.044293
0.999526 0.001782 -0.030742 -0.006890 -0.001766 0.999998 0.000543 0.010263 0.030743 -0.000488 0.999527 -1.062373
0.999529 0.001565 -0.030648 -0.010005 -0.001566 0.999999 -0.000018 0.011180 0.030648 0.000065 0.999530 -1.070357
0.999542 -0.001310 -0.030237 -0.006623 0.001285 0.999999 -0.000858 0.010068 0.030238 0.000818 0.999542 -1.090581
0.999575 0.000658 -0.029133 -0.006080 -0.000669 1.000000 -0.000355 0.009855 0.029133 0.000374 0.999575 -1.089850
0.999638 0.003165 -0.026710 -0.014727 -0.003151 0.999995 0.000574 0.006161 0.026712 -0.000489 0.999643 -1.110464
0.999687 0.004363 -0.024631 -0.013911 -0.004347 0.999990 0.000688 0.009283 0.024634 -0.000580 0.999696 -1.103947
0.999743 0.004405 -0.022227 -0.012935 -0.004394 0.999990 0.000560 0.007489 0.022229 -0.000462 0.999753 -1.112156
0.999784 0.005746 -0.019960 -0.018515 -0.005750 0.999983 -0.000143 0.010413 0.019959 0.000257 0.999801 -1.215132
0.999840 0.004330 -0.017344 -0.018389 -0.004343 0.999990 -0.000706 0.010225 0.017341 0.000782 0.999849 -1.245715
0.999879 0.003198 -0.015222 -0.015576 -0.003198 0.999995 -0.000012 0.009160 0.015222 0.000061 0.999884 -1.250100
0.999898 0.002384 -0.014113 -0.010073 -0.002395 0.999997 -0.000809 0.012463 0.014111 0.000842 0.999900 -1.244940
0.999915 0.000261 -0.013072 -0.006091 -0.000275 0.999999 -0.001121 0.011758 0.013072 0.001125 0.999914 -1.251164
0.999928 -0.000092 -0.012023 -0.005145 0.000093 1.000000 0.000083 0.012932 0.012023 -0.000084 0.999928 -1.260023
0.999939 0.000326 -0.011005 -0.004550 -0.000295 0.999996 0.002842 0.006486 0.011006 -0.002838 0.999935 -1.260340
0.999950 0.000442 -0.010007 -0.004695 -0.000409 0.999994 0.003309 0.005370 0.010008 -0.003305 0.999944 -1.280794
0.999956 0.001199 -0.009266 -0.004166 -0.001177 0.999996 0.002412 0.002582 0.009269 -0.002401 0.999954 -1.299292
0.999973 -0.000303 -0.007285 -0.003094 0.000310 0.999999 0.001040 0.002701 0.007285 -0.001042 0.999973 -1.307811
0.999985 -0.000253 -0.005545 -0.005529 0.000257 1.000000 0.000611 0.003826 0.005545 -0.000612 0.999984 -1.331987
0.999988 0.001170 -0.004773 -0.011021 -0.001163 0.999998 0.001488 0.002373 0.004775 -0.001483 0.999988 -1.349601
0.999991 -0.000900 -0.004143 -0.008913 0.000908 0.999998 0.001766 0.000814 0.004141 -0.001769 0.999990 -1.354477
0.999994 0.000644 -0.003519 -0.012816 -0.000641 1.000000 0.000758 0.003514 0.003519 -0.000756 0.999994 -1.372363
0.999997 -0.000146 -0.002295 -0.014274 0.000144 0.999999 -0.001079 0.003889 0.002296 0.001078 0.999997 -1.394682
0.999997 0.000678 -0.002219 -0.003255 -0.000683 0.999998 -0.002070 0.005284 0.002218 0.002071 0.999995 -1.431223
0.999998 -0.000134 -0.002126 -0.000820 0.000131 0.999999 -0.001246 0.004234 0.002126 0.001245 0.999997 -1.455631
0.999994 0.002726 -0.001971 -0.003784 -0.002725 0.999996 0.000386 0.004457 0.001972 -0.000380 0.999998 -1.467762
1.000000 -0.000260 -0.000901 -0.000900 0.000260 1.000000 -0.000279 0.002743 0.000901 0.000279 1.000000 -1.480154
0.999998 0.001891 -0.000521 -0.002791 -0.001890 0.999998 0.001066 0.002054 0.000523 -0.001065 0.999999 -1.489867
1.000000 -0.000211 0.000088 -0.001172 0.000211 1.000000 0.000265 0.002428 -0.000088 -0.000265 1.000000 -1.509113
1.000000 -0.000181 0.000833 -0.000480 0.000180 0.999999 0.001335 0.004442 -0.000833 -0.001335 0.999999 -1.535116
0.999999 0.000442 0.001309 -0.001536 -0.000441 1.000000 -0.000236 0.003943 -0.001309 0.000236 0.999999 -1.552673
0.999998 -0.000885 0.001494 -0.001353 0.000886 0.999999 -0.000995 0.005179 -0.001493 0.000997 0.999998 -1.567410
0.999998 0.001170 0.001366 -0.003600 -0.001171 0.999999 0.000616 0.003782 -0.001366 -0.000617 0.999999 -1.607034
0.999999 -0.000070 0.001320 -0.005241 0.000070 1.000000 0.000632 0.002602 -0.001320 -0.000632 0.999999 -1.623376
0.999999 0.001019 0.001026 -0.001969 -0.001019 0.999999 0.000422 0.002712 -0.001026 -0.000424 0.999999 -1.624402
0.999999 -0.000192 0.001324 -0.006186 0.000192 1.000000 -0.000053 0.002363 -0.001324 0.000053 0.999999 -1.665408
0.999997 0.001884 0.001223 -0.010544 -0.001881 0.999996 -0.001942 0.007613 -0.001227 0.001940 0.999997 -1.679952
0.999998 0.001719 0.001103 -0.010330 -0.001716 0.999996 -0.002130 0.008313 -0.001106 0.002129 0.999997 -1.677662
0.999998 0.001457 0.001028 -0.004552 -0.001457 0.999999 0.000877 0.007524 -0.001027 -0.000878 0.999999 -1.702185
0.999997 0.002034 0.001016 -0.006877 -0.002036 0.999997 0.001563 0.004716 -0.001013 -0.001565 0.999998 -1.717799
0.999999 -0.000781 0.000933 -0.000347 0.000782 1.000000 -0.000267 0.007127 -0.000933 0.000268 1.000000 -1.720235
1.000000 0.000474 0.000429 -0.003065 -0.000474 1.000000 -0.000195 0.006923 -0.000429 0.000195 1.000000 -1.735881
1.000000 -0.000143 0.000522 -0.003009 0.000143 0.999999 -0.001017 0.006775 -0.000522 0.001017 0.999999 -1.745297
0.999998 0.001679 0.000443 -0.006589 -0.001679 0.999999 0.000173 0.004106 -0.000442 -0.000174 1.000000 -1.778293
0.999999 0.001225 0.000395 -0.007320 -0.001225 0.999999 -0.000215 0.005745 -0.000395 0.000215 1.000000 -1.786591
1.000000 0.000621 0.000291 -0.003774 -0.000621 0.999999 0.001014 0.007742 -0.000290 -0.001014 0.999999 -1.781399
1.000000 -0.000380 -0.000270 -0.001356 0.000380 1.000000 0.000874 0.006134 0.000270 -0.000874 1.000000 -1.788603
0.999999 -0.000610 -0.000855 0.001416 0.000611 0.999999 0.000818 0.009371 0.000855 -0.000819 0.999999 -1.805525
0.999999 -0.000611 -0.000953 -0.003234 0.000612 1.000000 0.000745 0.007963 0.000953 -0.000746 0.999999 -1.842257
0.999999 -0.000884 -0.000744 -0.000118 0.000884 0.999999 -0.000697 0.009957 0.000745 0.000697 0.999999 -1.836971
1.000000 0.000072 -0.000644 -0.001949 -0.000073 1.000000 -0.000307 0.009781 0.000644 0.000307 1.000000 -1.851517
0.999998 -0.002194 -0.000079 0.002145 0.002194 0.999997 -0.000744 0.010859 0.000081 0.000744 1.000000 -1.852692
0.999999 0.000001 -0.001448 0.003641 0.000000 1.000000 0.000967 0.007911 0.001448 -0.000967 0.999998 -1.862478
0.999996 -0.001050 -0.002541 0.009833 0.001052 0.999999 0.000953 0.007881 0.002540 -0.000955 0.999996 -1.865754
0.999992 0.000600 -0.003925 0.005068 -0.000596 0.999999 0.000814 0.007637 0.003926 -0.000812 0.999992 -1.914393
0.999987 -0.001863 -0.004643 0.017204 0.001860 0.999998 -0.000746 0.013888 0.004645 0.000737 0.999989 -1.873994
0.999987 -0.001514 -0.004814 0.014256 0.001511 0.999999 -0.000687 0.015320 0.004815 0.000680 0.999988 -1.906395
0.999989 -0.001098 -0.004570 0.015903 0.001102 0.999999 0.000863 0.016481 0.004569 -0.000868 0.999989 -1.909906
0.999989 0.000873 -0.004645 0.010544 -0.000866 0.999998 0.001681 0.015074 0.004646 -0.001676 0.999988 -1.913295
0.999990 -0.000010 -0.004524 0.003589 0.000019 0.999998 0.001890 0.011270 0.004524 -0.001890 0.999988 -1.943348
0.999989 -0.001003 -0.004597 0.009283 0.001005 0.999999 0.000500 0.014112 0.004597 -0.000504 0.999989 -1.953203
0.999986 -0.001478 -0.005069 0.020678 0.001478 0.999999 0.000028 0.017986 0.005069 -0.000035 0.999987 -1.933219
0.999984 -0.001462 -0.005392 0.017425 0.001460 0.999999 -0.000326 0.017050 0.005393 0.000318 0.999985 -1.977469
0.999986 -0.000387 -0.005282 0.010481 0.000385 1.000000 -0.000368 0.015754 0.005282 0.000366 0.999986 -1.995427
0.999986 0.000446 -0.005309 0.009494 -0.000446 1.000000 -0.000138 0.013210 0.005309 0.000140 0.999986 -2.003237
0.999985 0.000722 -0.005362 0.009398 -0.000715 0.999999 0.001376 0.013615 0.005363 -0.001372 0.999985 -2.016650
0.999984 -0.000186 -0.005637 0.010005 0.000192 0.999999 0.001154 0.010104 0.005637 -0.001155 0.999983 -2.010384
0.999983 0.000705 -0.005768 0.007089 -0.000706 1.000000 -0.000083 0.010804 0.005768 0.000087 0.999983 -2.024881
0.999984 -0.000760 -0.005597 0.013168 0.000761 1.000000 0.000145 0.011386 0.005597 -0.000149 0.999984 -2.027696
0.999985 -0.000418 -0.005391 0.010944 0.000423 0.999999 0.001057 0.008497 0.005390 -0.001060 0.999985 -2.029085
0.999987 -0.000708 -0.005133 0.010837 0.000712 0.999999 0.000914 0.007013 0.005133 -0.000918 0.999986 -2.040304
0.999990 0.001246 -0.004394 0.008112 -0.001249 0.999999 -0.000828 0.008592 0.004393 0.000833 0.999990 -2.026006
0.999988 0.002320 -0.004278 0.006698 -0.002323 0.999997 -0.000552 0.012724 0.004277 0.000562 0.999991 -2.046579
0.999993 0.001085 -0.003708 0.007749 -0.001084 0.999999 0.000504 0.009112 0.003708 -0.000500 0.999993 -2.064035
0.999995 0.000190 -0.003245 0.002293 -0.000188 1.000000 0.000504 0.010461 0.003246 -0.000503 0.999995 -2.074600
0.999995 -0.000809 -0.003020 -0.003118 0.000810 1.000000 0.000183 0.010339 0.003020 -0.000185 0.999995 -2.076807
0.999991 -0.001529 -0.003870 0.011079 0.001533 0.999998 0.000974 0.009009 0.003868 -0.000980 0.999992 -2.087637
0.999990 -0.001055 -0.004235 0.006908 0.001059 0.999999 0.001074 0.011756 0.004234 -0.001079 0.999990 -2.084898
0.999990 -0.000721 -0.004438 0.004584 0.000721 1.000000 -0.000084 0.015123 0.004438 0.000081 0.999990 -2.084050
0.999989 0.000436 -0.004604 0.008486 -0.000434 1.000000 0.000515 0.015902 0.004604 -0.000513 0.999989 -2.107453
0.999989 -0.000328 -0.004718 0.014839 0.000331 1.000000 0.000724 0.012751 0.004718 -0.000725 0.999989 -2.112915
0.999988 -0.000619 -0.004818 0.016171 0.000620 1.000000 0.000202 0.013320 0.004818 -0.000205 0.999988 -2.124983
0.999989 -0.000083 -0.004627 0.013390 0.000081 1.000000 -0.000518 0.015043 0.004627 0.000518 0.999989 -2.119480
0.999990 0.000674 -0.004403 0.013679 -0.000675 1.000000 -0.000071 0.016418 0.004403 0.000074 0.999990 -2.148312
0.999989 0.001357 -0.004387 0.013930 -0.001355 0.999999 0.000632 0.014915 0.004388 -0.000626 0.999990 -2.149205
0.999992 0.000558 -0.003953 0.012604 -0.000552 0.999999 0.001355 0.010969 0.003954 -0.001353 0.999991 -2.159651
0.999993 0.000121 -0.003827 0.013208 -0.000115 0.999999 0.001684 0.013295 0.003827 -0.001684 0.999991 -2.144941
0.999993 0.001192 -0.003636 0.008546 -0.001187 0.999999 0.001225 0.008954 0.003638 -0.001221 0.999993 -2.142665
0.999994 -0.000068 -0.003557 0.010166 0.000071 0.999999 0.001010 0.012472 0.003557 -0.001011 0.999993 -2.173349
0.999993 0.000389 -0.003716 0.009180 -0.000389 1.000000 0.000069 0.013430 0.003716 -0.000067 0.999993 -2.185321
0.999992 -0.000040 -0.004073 0.008167 0.000042 1.000000 0.000320 0.013594 0.004073 -0.000320 0.999992 -2.169475
0.999990 0.002451 -0.003869 0.006302 -0.002449 0.999997 0.000279 0.013645 0.003870 -0.000270 0.999992 -2.194873
0.999992 0.002408 -0.003343 0.003919 -0.002409 0.999997 -0.000245 0.014816 0.003342 0.000253 0.999994 -2.149282
0.999996 0.001184 -0.002672 0.002917 -0.001186 0.999999 -0.000551 0.016272 0.002671 0.000554 0.999996 -2.175184
0.999996 -0.000061 -0.002698 0.000713 0.000061 1.000000 -0.000307 0.016535 0.002698 0.000307 0.999996 -2.191196
0.999996 -0.000575 -0.002715 0.002096 0.000578 0.999999 0.001017 0.014889 0.002715 -0.001019 0.999996 -2.167611
0.999996 -0.000472 -0.002894 0.007837 0.000479 0.999997 0.002361 0.013651 0.002893 -0.002363 0.999993 -2.159967
0.999995 -0.000169 -0.003228 0.007522 0.000176 0.999998 0.002177 0.012946 0.003227 -0.002178 0.999992 -2.177720
0.999994 -0.000675 -0.003264 0.009829 0.000680 0.999999 0.001384 0.014876 0.003263 -0.001386 0.999994 -2.191109
0.999993 -0.001449 -0.003316 0.010134 0.001454 0.999998 0.001467 0.013121 0.003313 -0.001472 0.999993 -2.214356
0.999992 0.000860 -0.003833 0.010011 -0.000859 1.000000 0.000133 0.015058 0.003833 -0.000129 0.999993 -2.201649
0.999994 -0.000357 -0.003476 0.009273 0.000355 1.000000 -0.000717 0.017066 0.003476 0.000715 0.999994 -2.236096
0.999994 -0.000042 -0.003513 0.010514 0.000040 1.000000 -0.000493 0.015729 0.003513 0.000493 0.999994 -2.191797
0.999993 0.000159 -0.003764 0.011149 -0.000159 1.000000 -0.000024 0.016236 0.003764 0.000024 0.999993 -2.244086
0.999993 -0.000899 -0.003530 0.013280 0.000901 0.999999 0.000572 0.016158 0.003529 -0.000575 0.999994 -2.280746
0.999993 -0.000663 -0.003616 0.018192 0.000667 0.999999 0.001027 0.017110 0.003616 -0.001029 0.999993 -2.248754
0.999994 0.000307 -0.003353 0.029041 -0.000305 1.000000 0.000626 0.025193 0.003353 -0.000625 0.999994 -2.262902
0.999995 0.000882 -0.002931 0.017715 -0.000881 1.000000 0.000363 0.021759 0.002931 -0.000361 0.999996 -2.236883
0.999996 0.001178 -0.002596 0.016183 -0.001180 0.999999 -0.000721 0.023070 0.002596 0.000724 0.999996 -2.224971
0.999996 0.001326 -0.002600 0.012713 -0.001328 0.999999 -0.001038 0.022411 0.002599 0.001042 0.999996 -2.234313
0.999996 0.001323 -0.002562 0.008484 -0.001322 0.999999 0.000379 0.019545 0.002562 -0.000376 0.999997 -2.280237
0.999997 -0.000002 -0.002527 0.010516 0.000004 1.000000 0.000912 0.020000 0.002527 -0.000912 0.999996 -2.268963
0.999996 -0.000428 -0.002617 0.009058 0.000429 1.000000 0.000456 0.020192 0.002616 -0.000457 0.999996 -2.264393
0.999996 -0.000108 -0.002760 0.007226 0.000112 0.999999 0.001484 0.020190 0.002760 -0.001484 0.999995 -2.331155
0.999996 -0.000031 -0.002747 0.006442 0.000034 0.999999 0.001351 0.019331 0.002747 -0.001351 0.999995 -2.313858
0.999995 -0.002166 -0.002438 0.010077 0.002169 0.999997 0.000953 0.019259 0.002436 -0.000958 0.999997 -2.301676
0.999995 0.001013 -0.003034 0.007227 -0.001010 0.999999 0.000732 0.020735 0.003034 -0.000729 0.999995 -2.322060
0.999995 0.001637 -0.002585 0.005257 -0.001639 0.999998 -0.001049 0.023703 0.002583 0.001053 0.999996 -2.319453
0.999996 0.000700 -0.002574 0.005367 -0.000703 0.999999 -0.001116 0.024076 0.002574 0.001118 0.999996 -2.358517
0.999995 -0.000652 -0.003093 0.012681 0.000652 1.000000 -0.000016 0.019028 0.003093 0.000014 0.999995 -2.156130
0.999994 -0.001118 -0.003210 0.015310 0.001122 0.999999 0.001001 0.017972 0.003209 -0.001005 0.999994 -2.163400
0.999994 -0.001216 -0.003315 0.006467 0.001216 0.999999 -0.000047 0.021003 0.003315 0.000043 0.999995 -2.355687
0.999993 -0.000585 -0.003653 0.013144 0.000584 1.000000 -0.000237 0.022475 0.003653 0.000235 0.999993 -2.303187
0.999993 -0.000236 -0.003684 0.011152 0.000239 1.000000 0.000557 0.021464 0.003684 -0.000558 0.999993 -2.354258
0.999993 -0.000376 -0.003803 0.011254 0.000376 1.000000 -0.000036 0.022023 0.003803 0.000035 0.999993 -2.368470
0.999991 -0.000706 -0.004087 0.013364 0.000705 1.000000 -0.000117 0.021855 0.004087 0.000114 0.999992 -2.333401
0.999992 -0.000337 -0.003913 0.011537 0.000339 1.000000 0.000327 0.022077 0.003913 -0.000328 0.999992 -2.316178
0.999992 0.000447 -0.003928 0.011147 -0.000443 0.999999 0.000918 0.019973 0.003929 -0.000916 0.999992 -2.310733
0.999994 0.000864 -0.003446 0.007433 -0.000862 1.000000 0.000421 0.018886 0.003446 -0.000418 0.999994 -2.342981
0.999993 0.000111 -0.003842 0.013469 -0.000111 1.000000 0.000108 0.022108 0.003842 -0.000107 0.999993 -2.349336
0.999992 -0.000971 -0.003839 0.015151 0.000976 0.999999 0.001103 0.018777 0.003838 -0.001106 0.999992 -2.342225
0.999992 0.000612 -0.003829 0.012262 -0.000612 1.000000 0.000174 0.020256 0.003829 -0.000172 0.999993 -2.393535
0.999993 0.000668 -0.003548 0.012352 -0.000666 1.000000 0.000487 0.017255 0.003548 -0.000484 0.999994 -2.378988
0.999992 0.001430 -0.003629 0.008603 -0.001427 0.999999 0.000810 0.017138 0.003630 -0.000805 0.999993 -2.368081
0.999991 0.002462 -0.003350 0.005071 -0.002458 0.999996 0.001250 0.018908 0.003353 -0.001241 0.999994 -2.371754
0.999995 0.001315 -0.002924 0.009866 -0.001314 0.999999 0.000318 0.019450 0.002925 -0.000314 0.999996 -2.358758
0.999993 0.001905 -0.003087 0.009611 -0.001901 0.999997 0.001517 0.016110 0.003090 -0.001511 0.999994 -2.373953
0.999994 0.001946 -0.002951 0.009209 -0.001940 0.999996 0.001897 0.012660 0.002955 -0.001892 0.999994 -2.385451
0.999994 0.001194 -0.003305 0.010662 -0.001193 0.999999 0.000238 0.013169 0.003305 -0.000234 0.999995 -2.394021
0.999993 0.000321 -0.003599 0.012643 -0.000317 0.999999 0.001097 0.009850 0.003600 -0.001096 0.999993 -2.396954
0.999993 -0.000709 -0.003600 0.014047 0.000711 1.000000 0.000422 0.010875 0.003600 -0.000424 0.999993 -2.456415
0.999992 0.001179 -0.003719 0.012411 -0.001175 0.999999 0.000970 0.011807 0.003720 -0.000966 0.999993 -2.440073
0.999994 -0.000634 -0.003525 0.017060 0.000638 0.999999 0.000872 0.010885 0.003524 -0.000875 0.999993 -2.430895
0.999995 -0.001535 -0.002847 0.010552 0.001537 0.999999 0.000504 0.018767 0.002846 -0.000508 0.999996 -2.276369
0.999994 0.001898 -0.002851 0.008873 -0.001898 0.999998 -0.000015 0.012985 0.002851 0.000020 0.999996 -2.420899
0.999996 0.001685 -0.002451 0.010365 -0.001686 0.999998 -0.000639 0.011672 0.002450 0.000643 0.999997 -2.467980
0.999996 0.001271 -0.002340 0.009863 -0.001272 0.999999 -0.000189 0.009397 0.002340 0.000192 0.999997 -2.471489
0.999995 -0.001888 -0.002354 0.032148 0.001888 0.999998 0.000133 0.004583 0.002354 -0.000138 0.999997 -0.904376
0.999997 -0.000311 -0.002433 0.009456 0.000310 1.000000 -0.000485 0.011303 0.002434 0.000484 0.999997 -2.462341
0.999990 -0.002104 -0.003918 0.054917 0.002102 0.999998 -0.000313 -0.001623 0.003919 0.000305 0.999992 -0.529404
0.999990 -0.003273 -0.003067 0.051922 0.003273 0.999995 -0.000016 -0.004595 0.003067 0.000006 0.999995 -0.392975
0.999991 0.004346 -0.000295 -0.181796 -0.004347 0.999987 -0.002611 0.198451 0.000283 0.002612 0.999997 -0.703425
0.999984 0.005622 -0.000266 -0.179201 -0.005622 0.999984 -0.000363 0.194028 0.000263 0.000364 1.000000 -0.795772
0.999975 -0.004927 -0.005037 0.054934 0.004926 0.999988 -0.000180 0.019341 0.005038 0.000155 0.999987 -0.641638
0.999967 -0.005537 -0.006019 0.059161 0.005530 0.999984 -0.001251 0.021569 0.006026 0.001217 0.999981 -0.553513
0.999973 -0.004549 -0.005771 0.034452 0.004537 0.999988 -0.002074 0.034849 0.005780 0.002047 0.999981 -0.569948
0.999972 -0.004305 -0.006078 0.061946 0.004301 0.999991 -0.000594 0.003829 0.006081 0.000568 0.999981 -0.590060
0.999984 0.004662 -0.003315 -0.055885 -0.004666 0.999989 -0.000988 0.073963 0.003311 0.001004 0.999994 -0.777410
0.999989 0.001378 -0.004514 0.021093 -0.001379 0.999999 -0.000220 0.025600 0.004513 0.000227 0.999990 -0.760005
0.999988 0.003258 -0.003558 -0.022478 -0.003260 0.999995 -0.000458 0.054337 0.003556 0.000470 0.999994 -0.867467
0.999991 0.002464 -0.003336 -0.020820 -0.002469 0.999996 -0.001393 0.053772 0.003332 0.001401 0.999993 -0.896188
0.999988 -0.002203 -0.004410 0.032976 0.002191 0.999994 -0.002817 0.038982 0.004416 0.002808 0.999986 -0.871562
0.999993 0.000223 -0.003728 -0.007642 -0.000232 0.999998 -0.002156 0.053196 0.003728 0.002157 0.999991 -0.995670
0.999993 0.000432 -0.003775 0.008491 -0.000435 1.000000 -0.000655 0.039097 0.003775 0.000657 0.999993 -1.031550
0.999988 0.000276 -0.004870 0.019137 -0.000277 1.000000 -0.000190 0.022584 0.004870 0.000191 0.999988 -2.619117
0.999987 0.001173 -0.004993 0.021803 -0.001175 0.999999 -0.000368 0.020385 0.004992 0.000374 0.999987 -2.632486
0.999985 0.001825 -0.005236 0.013016 -0.001832 0.999997 -0.001332 0.021960 0.005233 0.001342 0.999985 -1.130161
0.999991 0.000665 -0.004293 0.005094 -0.000667 1.000000 -0.000324 0.019214 0.004293 0.000327 0.999991 -1.201292
0.999992 0.001681 -0.003711 -0.002134 -0.001684 0.999998 -0.000897 0.014578 0.003709 0.000903 0.999993 -1.159069
0.999992 0.002439 -0.003044 -0.017861 -0.002442 0.999997 -0.000932 0.014024 0.003042 0.000940 0.999995 -1.177416
0.999996 -0.000147 -0.002734 -0.014561 0.000149 1.000000 0.000762 0.015438 0.002734 -0.000763 0.999996 -1.142406
0.999993 -0.001039 -0.003665 0.002913 0.001043 0.999999 0.001233 0.019497 0.003664 -0.001237 0.999993 -1.116661
0.999992 -0.000972 -0.003923 0.010555 0.000978 0.999998 0.001488 0.016190 0.003922 -0.001491 0.999991 -1.098356
0.999992 -0.000090 -0.004031 0.015426 0.000083 0.999999 -0.001629 0.018711 0.004031 0.001629 0.999991 -1.082617
0.999984 0.002637 -0.004942 0.017528 -0.002642 0.999996 -0.001165 0.012941 0.004939 0.001178 0.999987 -1.098539
0.999989 0.001252 -0.004495 0.019956 -0.001249 0.999999 0.000816 0.012289 0.004496 -0.000810 0.999990 -1.122478
0.999993 -0.001934 -0.003090 0.014342 0.001935 0.999998 0.000106 0.024236 0.003090 -0.000112 0.999995 -2.676485
0.999991 -0.002386 -0.003419 0.019860 0.002376 0.999993 -0.002824 0.029648 0.003425 0.002816 0.999990 -2.651127
0.999991 -0.002549 -0.003246 0.018094 0.002545 0.999996 -0.001043 0.024075 0.003248 0.001035 0.999994 -2.668348
0.999995 -0.001132 -0.003056 0.014665 0.001131 0.999999 -0.000025 0.023509 0.003056 0.000021 0.999995 -2.708307
0.999997 -0.000202 -0.002324 0.010010 0.000203 1.000000 0.000519 0.026103 0.002324 -0.000520 0.999997 -2.708549
0.999995 -0.000130 -0.003007 0.020656 0.000128 1.000000 -0.000619 0.029493 0.003007 0.000619 0.999995 -2.661819
0.999996 -0.000398 -0.002866 0.015137 0.000396 1.000000 -0.000657 0.032323 0.002866 0.000656 0.999996 -2.673633
0.999991 -0.003007 -0.002919 0.012525 0.003009 0.999995 0.000647 0.027660 0.002917 -0.000656 0.999996 -2.623633
0.999945 -0.010133 -0.002819 0.022505 0.010142 0.999943 0.003282 0.023900 0.002785 -0.003311 0.999991 -2.693283
0.999963 -0.007779 -0.003609 0.036949 0.007812 0.999926 0.009272 0.011217 0.003537 -0.009300 0.999951 -2.707878
0.999946 0.010023 -0.002752 0.011989 -0.010009 0.999936 0.005179 0.016273 0.002804 -0.005152 0.999983 -2.679757
0.999974 0.007154 -0.000573 -0.001316 -0.007157 0.999965 -0.004397 0.028677 0.000542 0.004401 0.999990 -2.663679
0.999997 -0.001179 -0.002051 0.009488 0.001157 0.999940 -0.010892 0.037206 0.002064 0.010889 0.999939 -2.704809
0.999975 -0.006167 -0.003405 0.025905 0.006138 0.999944 -0.008568 0.031355 0.003458 0.008547 0.999957 -2.707313
0.999976 -0.005859 -0.003562 0.027161 0.005848 0.999978 -0.003122 0.030999 0.003580 0.003101 0.999989 -2.678481
0.999994 -0.000961 -0.003416 0.023697 0.000962 0.999999 0.000330 0.030151 0.003416 -0.000333 0.999994 -2.666108
0.999981 0.005357 -0.003064 0.017500 -0.005350 0.999983 0.002216 0.031653 0.003076 -0.002199 0.999993 -2.702490
0.999985 0.004760 -0.002587 0.009759 -0.004748 0.999978 0.004634 0.026175 0.002609 -0.004621 0.999986 -2.661453
0.999995 0.000980 -0.003101 0.016799 -0.000971 0.999995 0.002856 0.025146 0.003104 -0.002853 0.999991 -2.686216
0.999992 -0.000145 -0.003914 0.025565 0.000144 1.000000 -0.000031 0.027795 0.003914 0.000030 0.999992 -2.710673
0.999994 0.000887 -0.003413 0.016968 -0.000892 0.999999 -0.001420 0.027317 0.003412 0.001423 0.999993 -2.659790
0.999995 0.000408 -0.003038 0.017215 -0.000412 0.999999 -0.001421 0.029539 0.003038 0.001422 0.999994 -2.671951
0.999997 0.000641 -0.002262 0.016447 -0.000641 1.000000 0.000064 0.028454 0.002262 -0.000063 0.999997 -2.693279
0.999998 0.000493 -0.001931 0.013763 -0.000494 1.000000 -0.000101 0.030610 0.001931 0.000102 0.999998 -2.671132
0.999998 0.000877 -0.001750 -0.002205 -0.000877 1.000000 0.000164 0.025316 0.001750 -0.000162 0.999998 -2.072273
0.999997 0.001668 -0.001894 -0.032061 -0.001672 0.999997 -0.001899 0.021213 0.001891 0.001902 0.999996 -1.349711
0.999996 0.001811 -0.001967 -0.024535 -0.001816 0.999996 -0.002241 0.015652 0.001963 0.002244 0.999996 -1.367904
0.999996 0.001697 -0.002090 -0.026793 -0.001701 0.999997 -0.001878 0.012249 0.002087 0.001881 0.999996 -1.357299
0.999997 -0.001368 -0.002248 -0.023621 0.001371 0.999998 0.001556 0.005926 0.002246 -0.001559 0.999996 -1.359251
0.999990 -0.003768 -0.002445 -0.023547 0.003777 0.999986 0.003823 0.006479 0.002431 -0.003832 0.999990 -1.344573
0.999993 -0.002947 -0.002285 -0.026725 0.002951 0.999994 0.001886 0.012554 0.002280 -0.001893 0.999996 -1.336612
0.999997 -0.000670 -0.002228 -0.024909 0.000669 1.000000 -0.000375 0.019138 0.002228 0.000373 0.999997 -1.342209
0.999995 -0.002381 -0.001849 -0.033025 0.002381 0.999997 0.000276 0.022244 0.001848 -0.000280 0.999998 -1.353643
0.999994 -0.002907 -0.001689 -0.037370 0.002909 0.999995 0.001129 0.023312 0.001685 -0.001134 0.999998 -1.353235
0.999999 -0.000636 -0.001557 -0.038550 0.000636 1.000000 -0.000086 0.028291 0.001557 0.000085 0.999999 -1.352722
0.999997 0.001725 -0.001444 -0.051031 -0.001728 0.999995 -0.002578 0.030189 0.001440 0.002580 0.999996 -1.391422
0.999995 0.003064 -0.001070 -0.025358 -0.003068 0.999988 -0.003846 0.028904 0.001058 0.003850 0.999992 -1.426153
0.999988 0.004588 0.001499 -0.003300 -0.004580 0.999975 -0.005422 0.037430 -0.001524 0.005415 0.999984 -2.658496
0.999990 0.003833 0.002258 -0.005687 -0.003824 0.999984 -0.004147 0.034854 -0.002273 0.004138 0.999989 -2.674819
0.999982 -0.005605 0.002311 0.011562 0.005601 0.999983 0.001877 0.027844 -0.002322 -0.001864 0.999996 -2.635812
0.999973 -0.007155 0.001505 0.011362 0.007147 0.999960 0.005461 0.020073 -0.001544 -0.005450 0.999984 -2.641352
0.999984 -0.004954 0.002822 0.007686 0.004949 0.999987 0.001533 0.028531 -0.002829 -0.001519 0.999995 -2.667640
0.999991 -0.001814 0.003711 0.005301 0.001809 0.999997 0.001454 0.026355 -0.003714 -0.001447 0.999992 -2.655622
0.999989 0.002001 0.004212 -0.004068 -0.001998 0.999998 -0.000692 0.029606 -0.004214 0.000684 0.999991 -2.675476
0.999991 0.000467 0.004297 -0.002422 -0.000465 1.000000 -0.000464 0.027754 -0.004297 0.000462 0.999991 -2.646382
0.999991 -0.002308 0.003418 0.003455 0.002297 0.999993 0.003097 0.024785 -0.003425 -0.003089 0.999989 -2.631607
0.999974 -0.007097 0.001280 0.032789 0.007098 0.999975 -0.000716 0.033495 -0.001275 0.000725 0.999999 -2.651751
0.999963 -0.008589 0.000708 0.033996 0.008589 0.999963 -0.000911 0.034162 -0.000700 0.000917 0.999999 -2.655444
0.999978 -0.006589 0.001221 0.016543 0.006587 0.999977 0.001571 0.028941 -0.001232 -0.001563 0.999998 -2.648041
0.999998 -0.001726 0.001289 0.012608 0.001725 0.999998 0.000801 0.027138 -0.001290 -0.000799 0.999999 -2.644235
0.999995 0.002205 0.002177 0.000506 -0.002202 0.999997 -0.001414 0.030222 -0.002180 0.001409 0.999997 -2.669457
0.999996 0.001904 0.002311 0.000456 -0.001898 0.999995 -0.002515 0.033362 -0.002316 0.002511 0.999994 -2.657029
0.999996 -0.001657 0.002226 0.006599 0.001661 0.999998 -0.001448 0.030809 -0.002224 0.001452 0.999996 -2.625199
0.999996 -0.002330 0.001715 0.011176 0.002328 0.999996 0.001501 0.027172 -0.001718 -0.001497 0.999997 -2.652187
0.999998 -0.001057 0.001520 0.009279 0.001054 0.999997 0.002257 0.024648 -0.001522 -0.002256 0.999996 -2.643949
0.999998 0.000879 0.001943 0.006192 -0.000882 0.999999 0.001372 0.026895 -0.001942 -0.001374 0.999997 -2.655899
0.999995 0.002375 0.002007 0.003415 -0.002373 0.999997 -0.000983 0.033613 -0.002009 0.000979 0.999998 -2.636377
0.999996 0.001713 0.002108 -0.002239 -0.001710 0.999998 -0.001384 0.030924 -0.002110 0.001380 0.999997 -2.665920
0.999999 -0.000166 0.001483 -0.001706 0.000166 1.000000 -0.000204 0.019374 -0.001483 0.000204 0.999999 -1.506579
0.999998 -0.000990 0.001551 -0.009465 0.000991 0.999999 -0.000301 0.006951 -0.001551 0.000303 0.999999 -0.619062
0.999999 0.000140 0.001051 -0.007629 -0.000138 0.999999 -0.001000 0.002199 -0.001051 0.001000 0.999999 -0.660639
1.000000 0.000004 0.000999 -0.006230 -0.000004 1.000000 -0.000484 0.000051 -0.000999 0.000484 0.999999 -0.671316
0.999999 -0.000781 0.001155 -0.009338 0.000779 0.999998 0.002070 -0.008194 -0.001157 -0.002069 0.999997 -0.403448
1.000000 -0.000192 0.000771 -0.002401 0.000190 0.999999 0.001652 -0.001308 -0.000772 -0.001652 0.999998 -0.106555
0.999999 0.000504 0.000985 -0.000747 -0.000503 1.000000 -0.000532 0.008099 -0.000985 0.000531 0.999999 -0.461959
0.999999 -0.001340 0.000458 0.004696 0.001340 0.999999 -0.000985 -0.002077 -0.000456 0.000986 0.999999 0.050216
0.999999 -0.001664 0.000196 0.004179 0.001664 0.999999 -0.000202 0.001920 -0.000195 0.000202 1.000000 -0.391215
1.000000 -0.000925 0.000020 0.003355 0.000925 1.000000 0.000078 0.003582 -0.000020 -0.000078 1.000000 -0.681987
1.000000 -0.000477 -0.000009 -0.005892 0.000477 1.000000 0.000852 -0.005570 0.000008 -0.000852 1.000000 -0.088589
1.000000 0.000340 0.000278 -0.006488 -0.000340 1.000000 0.000524 0.001965 -0.000277 -0.000524 1.000000 -0.345757
1.000000 -0.000431 -0.000255 -0.001337 0.000430 0.999999 -0.001397 0.005634 0.000256 0.001397 0.999999 -0.545947
1.000000 -0.000958 -0.000054 -0.001990 0.000958 0.999999 -0.001315 0.004566 0.000055 0.001315 0.999999 -0.675919
1.000000 -0.000483 -0.000403 0.001639 0.000483 1.000000 0.000019 0.002746 0.000403 -0.000019 1.000000 -0.523837
0.999999 -0.001069 -0.000592 0.008443 0.001069 0.999999 0.000359 0.000586 0.000592 -0.000359 1.000000 -0.249098
1.000000 0.000218 0.000234 -0.000292 -0.000219 0.999999 0.001155 0.000622 -0.000233 -0.001155 0.999999 -0.312149
0.999999 0.001058 -0.000078 0.001210 -0.001058 0.999999 0.000127 0.005521 0.000078 -0.000127 1.000000 -0.537424
1.000000 -0.000230 0.000019 0.000080 0.000230 1.000000 -0.000024 0.002496 -0.000019 0.000024 1.000000 -0.334695
1.000000 -0.000277 -0.000237 0.001104 0.000277 1.000000 0.000761 0.004620 0.000236 -0.000761 1.000000 -0.373662
0.999999 -0.001234 0.000178 0.004587 0.001234 0.999999 0.000834 0.010270 -0.000179 -0.000834 1.000000 -0.828384
1.000000 -0.000628 0.000053 0.003729 0.000628 1.000000 -0.000656 0.007739 -0.000053 0.000656 1.000000 -0.210589
1.000000 -0.000072 0.000289 0.001462 0.000072 0.999999 -0.001219 0.008116 -0.000289 0.001219 0.999999 -0.284100
1.000000 -0.000108 0.000693 -0.002943 0.000108 0.999999 -0.001347 0.004297 -0.000693 0.001347 0.999999 -0.293843
1.000000 0.000461 0.000413 -0.000645 -0.000461 0.999999 0.001072 0.001284 -0.000412 -0.001073 0.999999 -0.164030
0.999999 0.001255 0.000272 -0.000189 -0.001255 0.999999 0.000452 0.003274 -0.000271 -0.000452 1.000000 -0.174928
1.000000 0.000504 0.000066 0.001017 -0.000504 1.000000 -0.000329 0.001904 -0.000067 0.000329 1.000000 -0.141006
1.000000 -0.000564 0.000105 -0.003310 0.000564 1.000000 -0.000396 0.001301 -0.000104 0.000396 1.000000 -0.263636
1.000000 -0.000748 0.000075 -0.005554 0.000748 1.000000 0.000248 0.001282 -0.000075 -0.000247 1.000000 -0.251009
1.000000 -0.000310 -0.000149 -0.001524 0.000310 1.000000 0.000635 0.006693 0.000148 -0.000635 1.000000 -0.468020
1.000000 -0.000621 0.000040 0.000310 0.000622 0.999999 -0.001264 0.005342 -0.000040 0.001264 0.999999 -0.202273
1.000000 -0.000261 -0.000178 0.002496 0.000261 0.999998 -0.001722 0.002389 0.000179 0.001722 0.999999 -0.239439
1.000000 -0.000347 -0.000355 0.000588 0.000346 1.000000 -0.000436 -0.000618 0.000355 0.000436 1.000000 -0.159265
0.999999 -0.000443 -0.001200 0.004915 0.000446 0.999998 0.002119 -0.000134 0.001199 -0.002120 0.999997 -0.331897
1.000000 0.000120 -0.000934 0.000369 -0.000117 0.999996 0.002886 0.006459 0.000934 -0.002886 0.999995 -0.622139
1.000000 0.000607 -0.000100 -0.004317 -0.000607 1.000000 0.000461 0.013561 0.000100 -0.000461 1.000000 -0.661707
1.000000 0.000653 -0.000484 -0.001908 -0.000655 0.999996 -0.002749 0.010305 0.000483 0.002749 0.999996 -0.396198
0.999999 0.000928 -0.001123 0.002207 -0.000930 0.999998 -0.001816 0.004442 0.001122 0.001817 0.999998 -0.248910
1.000000 0.000505 -0.000032 -0.006778 -0.000505 1.000000 0.000340 0.001343 0.000032 -0.000340 1.000000 -0.292684
1.000000 0.000501 -0.000214 -0.004816 -0.000500 0.999999 0.000908 0.005120 0.000214 -0.000908 1.000000 -0.552989
1.000000 0.000828 -0.000517 -0.003029 -0.000828 0.999999 0.000630 0.007128 0.000518 -0.000630 1.000000 -0.307051
0.999999 0.001034 0.000037 -0.008442 -0.001034 0.999999 -0.000788 0.011220 -0.000038 0.000788 1.000000 -0.294182
1.000000 0.000626 -0.000025 -0.011471 -0.000626 0.999999 -0.001193 0.007274 0.000024 0.001193 0.999999 -0.347659
1.000000 -0.000265 -0.000061 -0.010533 0.000265 1.000000 -0.000771 0.005965 0.000061 0.000771 1.000000 -0.372889
1.000000 0.000685 0.000102 -0.019170 -0.000685 1.000000 0.000248 0.000577 -0.000102 -0.000248 1.000000 0.084441
0.999999 0.001225 0.000333 -0.016898 -0.001225 0.999999 -0.000135 0.001582 -0.000334 0.000135 1.000000 -0.105800
1.000000 0.000654 0.000263 -0.011947 -0.000653 0.999999 -0.001177 0.005029 -0.000264 0.001177 0.999999 -0.259895
0.999999 -0.001523 0.000329 -0.010736 0.001523 0.999999 -0.000708 0.004441 -0.000328 0.000709 1.000000 -0.511487
0.999999 -0.001605 0.000327 -0.003658 0.001606 0.999999 -0.000593 0.006210 -0.000326 0.000594 1.000000 -0.602402
1.000000 -0.000024 0.000683 -0.006944 0.000023 0.999999 0.001160 0.005470 -0.000683 -0.001160 0.999999 -0.653059
0.999998 0.001877 0.000920 -0.008729 -0.001878 0.999998 0.000788 0.007620 -0.000918 -0.000790 0.999999 -0.680393
0.999999 0.001665 0.000392 -0.002444 -0.001665 0.999999 0.000312 0.009697 -0.000392 -0.000312 1.000000 -0.441191
0.999999 0.000601 0.000902 -0.008368 -0.000600 0.999999 -0.000875 0.008931 -0.000903 0.000874 0.999999 -0.633499
0.999999 0.000339 0.000969 -0.007145 -0.000338 0.999999 -0.001106 0.005372 -0.000970 0.001106 0.999999 -0.644811
0.999999 0.000396 0.001091 -0.009179 -0.000397 0.999999 0.001153 0.002625 -0.001090 -0.001154 0.999999 -0.667859
0.999999 -0.000501 0.001111 -0.004361 0.000501 1.000000 0.000331 0.006211 -0.001111 -0.000331 0.999999 -0.584989
0.999999 -0.000454 0.000963 -0.000393 0.000454 1.000000 0.000251 0.007687 -0.000963 -0.000251 1.000000 -0.553592
1.000000 -0.000575 0.000651 0.006127 0.000575 1.000000 -0.000473 0.007397 -0.000651 0.000473 1.000000 -0.649523
1.000000 -0.000351 0.000494 0.002301 0.000351 1.000000 0.000081 0.000455 -0.000494 -0.000081 1.000000 -0.282226
0.999999 -0.001304 0.000844 0.001744 0.001304 0.999999 -0.000253 0.007642 -0.000844 0.000254 1.000000 -0.719531
0.999999 -0.001533 0.000616 0.002631 0.001532 0.999999 0.000262 0.005902 -0.000616 -0.000261 1.000000 -0.625879
1.000000 -0.000133 -0.000716 0.005240 0.000134 0.999999 0.001159 0.007956 0.000716 -0.001159 0.999999 -0.434726
0.999999 0.001165 0.000264 -0.005025 -0.001165 0.999999 -0.000608 0.004229 -0.000265 0.000608 1.000000 -0.086888
1.000000 0.000223 0.000150 -0.000504 -0.000222 0.999999 -0.001583 0.003444 -0.000150 0.001583 0.999999 -0.584849
0.999999 -0.001376 0.000118 0.004231 0.001376 0.999999 -0.000856 0.004292 -0.000117 0.000856 1.000000 -0.612912
1.000000 -0.000773 -0.000019 0.003394 0.000773 0.999999 0.001395 0.002492 0.000017 -0.001395 0.999999 -0.662160
1.000000 0.000544 0.000062 -0.001202 -0.000544 0.999998 0.002045 0.003648 -0.000061 -0.002045 0.999998 -0.654136
1.000000 0.000663 0.000196 -0.006087 -0.000663 0.999999 0.001468 0.005963 -0.000195 -0.001468 0.999999 -0.494737
1.000000 0.000716 -0.000043 -0.001583 -0.000716 1.000000 -0.000206 0.010090 0.000043 0.000206 1.000000 -0.612964
1.000000 0.000248 0.000104 -0.003144 -0.000248 0.999999 -0.001183 0.009383 -0.000104 0.001183 0.999999 -0.606274
1.000000 0.000291 0.000119 -0.000906 -0.000291 0.999999 -0.001018 0.008281 -0.000119 0.001018 0.999999 -0.630160
1.000000 -0.000341 0.000906 -0.006411 0.000342 1.000000 -0.000443 0.001499 -0.000906 0.000443 0.999999 -0.254325
1.000000 -0.000360 0.000893 -0.006343 0.000359 1.000000 0.000824 0.003537 -0.000893 -0.000824 0.999999 -0.642933
1.000000 -0.000439 0.000536 -0.002511 0.000439 1.000000 0.000769 0.005701 -0.000536 -0.000769 1.000000 -0.603072
1.000000 0.000275 0.000670 -0.011531 -0.000275 1.000000 -0.000336 0.006664 -0.000670 0.000336 1.000000 -0.548361
1.000000 0.000100 0.000800 -0.010575 -0.000100 1.000000 -0.000403 0.003714 -0.000800 0.000403 1.000000 -0.508682
1.000000 -0.000498 0.000664 -0.010358 0.000498 1.000000 -0.000295 0.004790 -0.000663 0.000295 1.000000 -0.565526
0.999999 -0.000494 0.000961 -0.005213 0.000494 1.000000 0.000026 0.007582 -0.000961 -0.000026 1.000000 -0.690461
0.999999 -0.000050 0.001104 -0.008625 0.000049 0.999999 0.001366 0.006303 -0.001104 -0.001366 0.999998 -0.653003
1.000000 0.000071 0.000933 -0.004596 -0.000071 1.000000 -0.000308 0.006542 -0.000933 0.000308 1.000000 -0.557496
0.999999 0.000274 0.001057 -0.006051 -0.000274 1.000000 -0.000551 0.001171 -0.001057 0.000551 0.999999 -0.394773
1.000000 0.000118 0.000685 -0.006907 -0.000118 1.000000 -0.000410 -0.002600 -0.000685 0.000410 1.000000 -0.001553
1.000000 -0.000063 0.000636 -0.013666 0.000062 0.999999 0.001338 -0.016730 -0.000636 -0.001338 0.999999 1.316638
0.999999 0.000576 0.001369 -0.008123 -0.000578 0.999999 0.001525 0.007459 -0.001368 -0.001526 0.999998 -0.688240
0.999999 0.000626 0.001081 -0.004904 -0.000626 1.000000 -0.000420 0.010741 -0.001082 0.000419 0.999999 -0.690548
0.999999 0.000721 0.001435 -0.014801 -0.000719 0.999999 -0.001255 0.007110 -0.001436 0.001254 0.999998 -0.609208
0.999999 0.000199 0.001448 -0.011971 -0.000199 1.000000 -0.000584 0.006491 -0.001448 0.000584 0.999999 -0.645747
0.999999 -0.000372 0.001235 -0.010665 0.000373 1.000000 -0.000437 0.005630 -0.001234 0.000437 0.999999 -0.643624
0.999999 -0.000097 0.001031 -0.004488 0.000097 1.000000 -0.000155 0.003609 -0.001031 0.000155 0.999999 -0.653048
0.999999 0.000213 0.001369 -0.005394 -0.000214 1.000000 0.000731 -0.000886 -0.001369 -0.000732 0.999999 -0.674095
