1.000000 0.000000 0.000000 0.000000 0.000000 1.000000 0.000000 0.000000 0.000000 0.000000 1.000000 0.000000
0.999997 0.002004 0.001329 0.003972 -0.002000 0.999994 -0.002975 0.023758 -0.001335 0.002973 0.999995 -1.525556
0.999999 0.000277 0.001452 0.007108 -0.000276 1.000000 -0.000775 0.022086 -0.001452 0.000774 0.999999 -1.520511
0.999998 -0.001304 0.001549 0.009073 0.001304 0.999999 0.000238 0.019327 -0.001549 -0.000236 0.999999 -1.500012
0.999999 -0.000555 0.001581 0.007586 0.000555 1.000000 0.000136 0.019894 -0.001581 -0.000135 0.999999 -1.498899
0.999999 0.000040 0.001348 0.008812 -0.000040 1.000000 -0.000221 0.018399 -0.001348 0.000221 0.999999 -1.500124
0.999998 0.000147 0.001855 0.005280 -0.000146 1.000000 -0.000323 0.019653 -0.001855 0.000323 0.999998 -1.492075
0.999997 0.001864 0.001731 0.002757 -0.001866 0.999998 0.000839 0.018601 -0.001730 -0.000843 0.999998 -1.492858
0.999998 0.001194 0.001441 0.003799 -0.001193 0.999999 -0.000280 0.018904 -0.001441 0.000279 0.999999 -1.494307
0.999999 -0.000392 0.001335 0.006368 0.000392 1.000000 0.000027 0.019322 -0.001335 -0.000026 0.999999 -1.491476
0.999999 -0.000467 0.001194 0.006429 0.000467 1.000000 0.000025 0.018032 -0.001194 -0.000024 0.999999 -1.484537
1.000000 0.000324 -0.000072 0.028231 -0.000324 1.000000 -0.000482 0.043414 0.000072 0.000482 1.000000 -2.851510
1.000000 0.000570 0.000008 0.024795 -0.000570 1.000000 -0.000615 0.048116 -0.000009 0.000615 1.000000 -2.875217
0.999999 -0.000914 0.000881 0.006281 0.000915 0.999999 -0.000835 0.020097 -0.000880 0.000836 0.999999 -1.472500
1.000000 0.000097 0.000586 0.006105 -0.000097 1.000000 0.000044 0.020142 -0.000586 -0.000045 1.000000 -1.462097
0.999999 -0.000768 0.000673 0.006270 0.000768 1.000000 -0.000131 0.020281 -0.000673 0.000131 1.000000 -1.445512
1.000000 -0.000687 0.000295 0.006801 0.000687 1.000000 -0.000537 0.020224 -0.000295 0.000537 1.000000 -1.442076
1.000000 -0.000964 0.000019 0.007568 0.000964 0.999999 -0.001269 0.021402 -0.000018 0.001269 0.999999 -1.434069
1.000000 -0.000208 0.000148 0.006367 0.000208 0.999999 0.001314 0.020202 -0.000148 -0.001314 0.999999 -1.430723
1.000000 -0.000478 0.000114 0.006878 0.000478 0.999998 0.002013 0.017708 -0.000115 -0.002013 0.999998 -1.422686
0.999998 0.001919 -0.000224 0.005522 -0.001919 0.999998 0.000212 0.018298 0.000225 -0.000212 1.000000 -1.422722
1.000000 0.000894 -0.000130 0.005379 -0.000895 0.999996 -0.002712 0.021849 0.000128 0.002712 0.999996 -1.408621
0.999999 0.001639 0.000047 0.004512 -0.001639 0.999998 -0.001202 0.022258 -0.000049 0.001202 0.999999 -1.403853
1.000000 0.000781 -0.000118 0.006001 -0.000781 0.999999 0.000666 0.019389 0.000119 -0.000666 1.000000 -1.394634
1.000000 -0.000109 -0.000239 0.006424 0.000110 0.999998 0.001819 0.018628 0.000238 -0.001819 0.999998 -1.379829
1.000000 -0.000899 -0.000348 0.006849 0.000899 0.999999 0.000684 0.020695 0.000347 -0.000684 1.000000 -1.359133
0.999999 -0.000663 -0.000859 0.009437 0.000664 0.999999 0.000982 0.020431 0.000859 -0.000983 0.999999 -1.345881
0.999999 -0.000566 -0.001125 0.008557 0.000564 0.999999 -0.001066 0.021455 0.001126 0.001065 0.999999 -1.339467
0.999999 -0.000432 -0.001318 0.006866 0.000430 0.999998 -0.002113 0.024959 0.001319 0.002113 0.999997 -1.314114
0.999999 0.000579 -0.001500 0.006146 -0.000580 0.999999 -0.001079 0.024340 0.001499 0.001080 0.999998 -1.300435
0.999998 -0.000463 -0.002091 0.005945 0.000462 1.000000 -0.000661 0.022951 0.002091 0.000660 0.999998 -1.283190
0.999995 0.000446 -0.003147 0.005713 -0.000444 1.000000 0.000584 0.021313 0.003148 -0.000583 0.999995 -1.269556
0.999994 0.000687 -0.003390 0.004805 -0.000681 0.999998 0.001788 0.019705 0.003391 -0.001786 0.999993 -1.239536
0.999995 0.000039 -0.003150 0.004437 -0.000034 0.999999 0.001727 0.018396 0.003150 -0.001726 0.999994 -1.226440
0.999992 -0.000257 -0.003930 0.005829 0.000254 1.000000 -0.000622 0.018974 0.003931 0.000621 0.999992 -1.219111
0.999987 -0.000448 -0.005126 0.006102 0.000449 1.000000 0.000104 0.020240 0.005126 -0.000107 0.999987 -1.206298
0.999979 -0.001685 -0.006334 0.009315 0.001691 0.999998 0.000859 0.017974 0.006332 -0.000870 0.999980 -1.195935
0.999973 -0.001481 -0.007205 0.007082 0.001481 0.999999 -0.000083 0.017217 0.007205 0.000072 0.999974 -1.187095
0.999966 -0.001155 -0.008175 0.006341 0.001146 0.999999 -0.001076 0.018900 0.008176 0.001067 0.999966 -1.178261
0.999945 -0.002398 -0.010206 0.008307 0.002391 0.999997 -0.000747 0.019530 0.010208 0.000723 0.999948 -1.160107
0.999915 -0.002357 -0.012829 0.010821 0.002357 0.999997 -0.000061 0.018325 0.012829 0.000031 0.999918 -1.144926
0.999887 -0.002206 -0.014842 0.011902 0.002197 0.999997 -0.000611 0.018012 0.014843 0.000578 0.999890 -1.130465
0.999867 -0.002475 -0.016144 0.010925 0.002452 0.999996 -0.001460 0.018279 0.016147 0.001420 0.999869 -1.124067
0.999846 -0.000179 -0.017572 0.006273 0.000162 1.000000 -0.000966 0.018763 0.017572 0.000963 0.999845 -1.113260
0.999820 0.000489 -0.018985 0.005177 -0.000475 1.000000 0.000735 0.017009 0.018985 -0.000726 0.999819 -1.100273
0.999791 0.000934 -0.020412 0.007673 -0.000921 0.999999 0.000652 0.015300 0.020413 -0.000633 0.999791 -1.087573
0.999774 0.002876 -0.021062 0.005294 -0.002874 0.999996 0.000107 0.014042 0.021063 -0.000047 0.999778 -1.087156
0.999745 0.004774 -0.022049 -0.000323 -0.004821 0.999986 -0.002110 0.016583 0.022039 0.002216 0.999755 -1.068001
0.999710 0.005284 -0.023510 -0.000761 -0.005321 0.999985 -0.001503 0.020016 0.023501 0.001627 0.999722 -1.074408
0.999688 0.005312 -0.024401 0.000442 -0.005298 0.999986 0.000655 0.017719 0.024404 -0.000526 0.999702 -1.058945
0.999646 0.006806 -0.025728 -0.004272 -0.006752 0.999975 0.002163 0.013936 0.025742 -0.001989 0.999667 -1.038749
0.999623 0.003748 -0.027187 -0.001350 -0.003758 0.999993 -0.000296 0.015472 0.027185 0.000398 0.999630 -1.025652
0.999593 0.002207 -0.028448 0.000536 -0.002261 0.999996 -0.001884 0.017814 0.028444 0.001948 0.999593 -1.013912
0.999567 0.003880 -0.029176 -0.004414 -0.003948 0.999990 -0.002285 0.018713 0.029167 0.002399 0.999572 -0.997180
0.999533 0.003686 -0.030343 -0.003911 -0.003655 0.999993 0.001066 0.017515 0.030346 -0.000955 0.999539 -0.991931
0.999511 0.001324 -0.031251 -0.000797 -0.001182 0.999989 0.004570 0.013522 0.031257 -0.004530 0.999501 -0.974369
0.999501 0.004093 -0.031324 -0.003748 -0.003898 0.999973 0.006295 0.007227 0.031349 -0.006170 0.999489 -0.970505
0.999489 0.003823 -0.031742 -0.008376 -0.003718 0.999987 0.003366 0.008425 0.031754 -0.003247 0.999490 -0.959180
0.999447 -0.000549 -0.033235 -0.002511 0.000475 0.999997 -0.002234 0.012138 0.033236 0.002217 0.999445 -0.960295
0.999365 -0.004019 -0.035398 0.003034 0.003851 0.999981 -0.004808 0.018373 0.035416 0.004669 0.999362 -0.958160
0.999317 -0.001527 -0.036914 0.002763 0.001425 0.999995 -0.002793 0.021076 0.036918 0.002739 0.999315 -0.945741
0.999287 -0.003435 -0.037591 0.004327 0.003652 0.999977 0.005713 0.011130 0.037570 -0.005847 0.999277 -0.936652
0.999320 -0.002542 -0.036789 0.000417 0.002832 0.999965 0.007832 0.003943 0.036767 -0.007931 0.999292 -0.935649
0.999357 -0.000730 -0.035854 -0.003045 0.000827 0.999996 0.002706 0.004309 0.035852 -0.002734 0.999353 -0.931875
0.999366 0.001090 -0.035575 -0.007095 -0.001178 0.999996 -0.002463 0.011276 0.035573 0.002504 0.999364 -0.929411
0.999357 0.000399 -0.035866 -0.006498 -0.000398 1.000000 0.000044 0.015437 0.035866 -0.000030 0.999357 -0.918854
0.999357 0.000869 -0.035836 -0.006813 -0.000739 0.999993 0.003647 0.007840 0.035839 -0.003618 0.999351 -0.909233
0.999359 -0.000016 -0.035796 -0.005267 0.000135 0.999994 0.003334 0.003745 0.035795 -0.003336 0.999354 -0.906023
0.999361 -0.001666 -0.035718 -0.002237 0.001725 0.999997 0.001611 0.006963 0.035715 -0.001671 0.999361 -0.907676
0.999353 0.000013 -0.035958 -0.002777 0.000051 0.999998 0.001763 0.009816 0.035958 -0.001764 0.999352 -0.907797
0.999355 -0.001494 -0.035879 -0.001311 0.001744 0.999974 0.006952 0.005665 0.035868 -0.007010 0.999332 -0.908608
0.999331 -0.001467 -0.036533 0.001121 0.001841 0.999946 0.010195 -0.000491 0.036516 -0.010255 0.999280 -0.905714
0.999330 -0.001746 -0.036563 0.000998 0.002066 0.999960 0.008715 -0.003072 0.036546 -0.008785 0.999293 -0.911859
0.999314 -0.003454 -0.036862 0.003543 0.003587 0.999987 0.003546 -0.000878 0.036849 -0.003676 0.999314 -0.916659
0.999317 -0.003076 -0.036817 0.003218 0.002998 0.999993 -0.002191 0.005638 0.036823 0.002079 0.999320 -0.928437
0.999298 -0.005717 -0.037013 0.008435 0.005563 0.999975 -0.004261 0.008033 0.037037 0.004052 0.999306 -0.936371
0.999281 -0.005061 -0.037570 0.008861 0.005032 0.999987 -0.000868 0.007501 0.037574 0.000678 0.999294 -0.939593
0.999255 -0.008058 -0.037736 0.009906 0.008058 0.999968 -0.000135 0.006092 0.037736 -0.000170 0.999288 -0.940329
0.999263 -0.005832 -0.037940 0.008112 0.005833 0.999983 -0.000094 0.004862 0.037940 -0.000128 0.999280 -0.947699
0.999283 -0.003538 -0.037682 0.002347 0.003474 0.999992 -0.001765 0.006613 0.037688 0.001633 0.999288 -0.954834
0.999298 -0.001551 -0.037434 -0.001152 0.001521 0.999998 -0.000832 0.006244 0.037435 0.000775 0.999299 -0.962860
0.999325 -0.000090 -0.036745 -0.004308 0.000072 1.000000 -0.000471 0.005959 0.036745 0.000468 0.999325 -0.967794
0.999356 0.001495 -0.035839 -0.007998 -0.001528 0.999998 -0.000884 0.003881 0.035838 0.000938 0.999357 -0.969013
0.999360 0.007386 -0.035001 -0.014606 -0.007373 0.999973 0.000511 0.007561 0.035004 -0.000253 0.999387 -0.968054
0.999431 0.001540 -0.033685 -0.014551 -0.001413 0.999992 0.003818 0.004020 0.033690 -0.003768 0.999425 -0.977566
0.999470 0.000084 -0.032547 -0.004566 0.000081 0.999987 0.005088 0.000979 0.032547 -0.005088 0.999457 -0.973336
0.999557 0.006027 -0.029136 -0.010616 -0.005900 0.999973 0.004468 0.001313 0.029162 -0.004294 0.999565 -0.968273
0.999676 0.000978 -0.025427 -0.006352 -0.001021 0.999998 -0.001682 0.004026 0.025425 0.001707 0.999675 -0.978679
0.999754 0.001030 -0.022162 -0.003213 -0.001093 0.999995 -0.002871 0.007014 0.022159 0.002895 0.999750 -0.990727
0.999824 -0.000165 -0.018770 -0.000998 0.000119 0.999997 -0.002468 0.009850 0.018771 0.002465 0.999821 -0.986070
0.999865 0.001214 -0.016375 -0.004054 -0.001162 0.999994 0.003221 0.006099 0.016379 -0.003201 0.999861 -0.993975
0.999890 0.002460 -0.014601 -0.003957 -0.002397 0.999988 0.004371 0.001364 0.014612 -0.004335 0.999884 -0.989643
0.999921 0.004100 -0.011860 -0.007380 -0.004039 0.999979 0.005124 0.002009 0.011880 -0.005076 0.999917 -0.992948
0.999947 0.005079 -0.009009 -0.007378 -0.005050 0.999982 0.003255 0.003881 0.009025 -0.003209 0.999954 -0.997990
0.999977 0.003715 -0.005660 -0.009831 -0.003685 0.999980 0.005236 0.001902 0.005679 -0.005215 0.999970 -1.012151
0.999992 0.001736 -0.003653 0.000854 -0.001719 0.999988 0.004642 0.003389 0.003661 -0.004636 0.999983 -0.994202
0.999994 0.002030 -0.002779 -0.002169 -0.002019 0.999990 0.004030 0.002605 0.002787 -0.004024 0.999988 -1.003815
0.999997 0.000249 -0.002544 0.000055 -0.000242 0.999996 0.002967 0.003363 0.002544 -0.002967 0.999992 -1.004653
0.999997 0.000909 -0.002437 0.002343 -0.000901 0.999994 0.003409 0.005177 0.002440 -0.003407 0.999991 -1.006196
0.999997 0.001099 -0.002074 0.001693 -0.001091 0.999992 0.003744 0.002687 0.002078 -0.003741 0.999991 -1.002358
0.999994 0.002439 -0.002285 -0.001610 -0.002436 0.999996 0.001324 0.001730 0.002288 -0.001318 0.999997 -1.020013
0.999998 -0.000086 -0.002008 0.000497 0.000084 0.999999 -0.001225 0.005477 0.002009 0.001225 0.999997 -1.018107
0.999997 -0.000850 -0.002206 0.000417 0.000850 1.000000 -0.000202 0.005648 0.002206 0.000200 0.999998 -1.016529
0.999998 -0.000559 -0.001971 -0.005083 0.000562 0.999999 0.001625 -0.000606 0.001970 -0.001626 0.999997 -1.024927
0.999997 -0.002004 -0.001040 -0.037077 0.002007 0.999994 0.002917 -0.011907 0.001034 -0.002919 0.999995 -1.042375
0.999995 -0.002096 -0.002330 -0.002048 0.002102 0.999994 0.002586 -0.000298 0.002325 -0.002591 0.999994 -1.025659
0.999994 -0.002640 -0.002141 0.001108 0.002649 0.999989 0.003979 0.000478 0.002131 -0.003985 0.999990 -1.037133
0.999992 -0.003633 -0.001928 0.008353 0.003642 0.999983 0.004618 0.001073 0.001911 -0.004625 0.999987 -1.035317
0.999994 -0.002519 -0.002459 0.008471 0.002526 0.999993 0.002663 0.001481 0.002453 -0.002669 0.999993 -1.036196
0.999994 -0.002219 -0.002566 0.004771 0.002216 0.999997 -0.001215 0.003309 0.002569 0.001209 0.999996 -1.052192
0.999991 -0.003340 -0.002737 0.011846 0.003329 0.999987 -0.003870 0.007861 0.002750 0.003860 0.999989 -1.048333
0.999997 -0.000022 -0.002357 0.007099 0.000018 0.999999 -0.001600 0.008119 0.002357 0.001600 0.999996 -1.051624
0.999998 -0.000927 -0.001893 0.008262 0.000928 0.999999 0.000596 0.005800 0.001892 -0.000598 0.999998 -1.051214
0.999998 0.001136 -0.001355 0.004969 -0.001132 0.999996 0.002731 0.003582 0.001358 -0.002729 0.999995 -1.051433
1.000000 0.000220 -0.000786 0.006699 -0.000218 0.999996 0.002774 0.002618 0.000787 -0.002774 0.999996 -1.056244
0.999999 -0.001505 -0.000142 0.004825 0.001505 0.999998 0.000937 0.002691 0.000141 -0.000938 1.000000 -1.055388
0.999995 -0.003171 0.000492 0.006973 0.003171 0.999995 -0.000762 0.003891 -0.000490 0.000763 1.000000 -1.055990
0.999992 -0.003982 0.000239 0.010675 0.003982 0.999992 -0.000217 0.007246 -0.000238 0.000218 1.000000 -1.064676
0.999992 -0.003992 0.000243 0.010895 0.003992 0.999991 0.001611 0.004954 -0.000250 -0.001610 0.999999 -1.067433
0.999991 -0.004349 0.000100 0.010867 0.004349 0.999990 0.000734 0.002976 -0.000103 -0.000733 1.000000 -1.077953
0.999994 -0.003501 -0.000071 0.011746 0.003501 0.999994 -0.000107 0.004918 0.000071 0.000107 1.000000 -1.082054
1.000000 0.000279 -0.000353 0.007072 -0.000281 0.999987 -0.005161 0.006770 0.000352 0.005161 0.999987 -1.090735
0.999995 0.003040 -0.000526 0.001903 -0.003045 0.999955 -0.009013 0.011005 0.000498 0.009014 0.999959 -1.105333
0.999986 0.005355 -0.000083 -0.003191 -0.005355 0.999968 -0.005998 0.012523 0.000051 0.005998 0.999982 -1.109801
0.999966 0.008235 0.000294 -0.007915 -0.008235 0.999965 0.001557 0.003509 -0.000281 -0.001559 0.999999 -1.105153
0.999985 0.005466 0.000866 -0.005347 -0.005470 0.999972 0.005133 -0.001306 -0.000838 -0.005138 0.999986 -1.104278
0.999994 0.003493 0.000702 -0.001108 -0.003497 0.999979 0.005443 -0.000901 -0.000682 -0.005445 0.999985 -1.108707
1.000000 0.000662 0.000611 0.003142 -0.000665 0.999990 0.004409 0.000692 -0.000608 -0.004410 0.999990 -1.117967
0.999995 -0.003150 0.000336 0.007765 0.003151 0.999992 -0.002444 0.001566 -0.000328 0.002445 0.999997 -1.125939
1.000000 -0.000841 0.000370 0.003927 0.000843 0.999990 -0.004480 0.009105 -0.000366 0.004481 0.999990 -1.139824
0.999997 -0.002410 0.000402 0.007097 0.002411 0.999996 -0.001760 0.006611 -0.000398 0.001761 0.999998 -1.137986
0.999998 -0.001744 0.000360 0.006443 0.001744 0.999998 0.000950 0.003846 -0.000362 -0.000949 0.999999 -1.137629
1.000000 0.000807 0.000501 -0.005824 -0.000810 0.999985 0.005381 -0.003447 -0.000497 -0.005382 0.999985 -1.149248
0.999999 -0.000986 0.001147 -0.012304 0.000983 0.999995 0.003164 -0.010600 -0.001150 -0.003163 0.999994 -1.162468
1.000000 0.000187 0.000465 0.003143 -0.000187 0.999999 -0.001045 0.002506 -0.000466 0.001045 0.999999 -1.156806
0.999999 0.001584 0.000446 0.001040 -0.001581 0.999974 -0.007004 0.011135 -0.000457 0.007004 0.999975 -1.161037
1.000000 -0.000739 -0.000188 0.003942 0.000739 0.999999 -0.001466 0.007116 0.000189 0.001466 0.999999 -1.170032
0.999997 -0.002437 0.000453 0.009282 0.002436 0.999991 0.003433 0.001484 -0.000461 -0.003432 0.999994 -1.148775
1.000000 -0.000608 0.000411 0.004462 0.000606 0.999994 0.003284 -0.001414 -0.000413 -0.003284 0.999995 -1.168434
1.000000 -0.000817 0.000198 0.004563 0.000817 1.000000 -0.000412 0.003221 -0.000197 0.000412 1.000000 -1.179468
1.000000 -0.000382 0.000361 0.005078 0.000383 0.999994 -0.003480 0.008000 -0.000359 0.003480 0.999994 -1.185862
0.999999 0.000705 0.000779 0.003888 -0.000704 0.999999 -0.001206 0.008218 -0.000780 0.001205 0.999999 -1.184061
0.999998 0.001623 0.001175 0.000812 -0.001624 0.999999 0.000352 0.004660 -0.001175 -0.000354 0.999999 -1.194965
0.999996 0.002497 0.000948 0.000032 -0.002497 0.999997 0.000071 0.002842 -0.000947 -0.000073 1.000000 -1.200784
0.999999 -0.000295 0.001259 0.002661 0.000295 1.000000 -0.000493 0.005268 -0.001259 0.000493 0.999999 -1.200543
0.999998 0.001312 0.001364 0.002758 -0.001313 0.999999 0.000651 0.003507 -0.001363 -0.000652 0.999999 -1.204513
0.999999 0.000231 0.001215 0.005193 -0.000229 0.999998 -0.001749 0.005997 -0.001215 0.001749 0.999998 -1.208321
0.999998 -0.001610 0.001184 0.008705 0.001610 0.999999 -0.000569 0.005374 -0.001183 0.000571 0.999999 -1.212048
0.999998 0.001215 0.001371 0.003176 -0.001214 0.999999 -0.000748 0.003484 -0.001372 0.000747 0.999999 -1.219900
0.999997 -0.001819 0.001877 0.005583 0.001817 0.999998 0.001140 0.004155 -0.001879 -0.001137 0.999998 -1.219725
0.999998 0.000730 0.001689 0.002270 -0.000734 0.999996 0.002661 0.002798 -0.001687 -0.002662 0.999995 -1.228635
0.999997 -0.001964 0.001240 0.007707 0.001965 0.999998 -0.000847 0.003094 -0.001239 0.000849 0.999999 -1.228462
0.999994 -0.003419 0.000825 0.007653 0.003419 0.999994 -0.000965 0.008248 -0.000821 0.000968 0.999999 -1.235808
0.999997 -0.002561 0.000435 0.007340 0.002561 0.999996 0.001384 0.002599 -0.000438 -0.001383 0.999999 -1.236848
0.999996 -0.002694 -0.000089 0.005653 0.002694 0.999996 -0.000331 0.004825 0.000090 0.000331 1.000000 -1.242166
0.999996 -0.002520 -0.000817 0.007589 0.002518 0.999994 -0.002273 0.007455 0.000823 0.002271 0.999997 -1.262447
0.999997 -0.002149 -0.001030 0.005623 0.002148 0.999997 -0.001209 0.008680 0.001033 0.001207 0.999999 -1.252573
0.999998 -0.001879 -0.001104 0.003976 0.001879 0.999998 -0.000470 0.007367 0.001105 0.000468 0.999999 -1.255496
0.999999 -0.000004 -0.001506 0.002381 0.000004 1.000000 0.000246 0.008324 0.001506 -0.000246 0.999999 -1.254074
0.999998 -0.000483 -0.002148 0.001762 0.000481 0.999999 -0.001176 0.006815 0.002148 0.001175 0.999997 -1.263333
0.999993 -0.002659 -0.002715 0.004362 0.002647 0.999986 -0.004533 0.012489 0.002727 0.004526 0.999986 -1.267889
0.999992 -0.000503 -0.003977 0.003521 0.000504 1.000000 0.000129 0.010739 0.003976 -0.000131 0.999992 -1.262208
0.999974 -0.005230 -0.004991 0.007985 0.005262 0.999965 0.006503 0.003309 0.004957 -0.006529 0.999966 -1.244766
0.999974 0.000387 -0.007219 0.008659 -0.000365 0.999995 0.003108 0.003867 0.007220 -0.003106 0.999969 -1.227324
0.999960 0.001264 -0.008838 -0.000717 -0.001301 0.999990 -0.004183 0.011114 0.008833 0.004194 0.999952 -1.252661
0.999941 0.001436 -0.010774 -0.000744 -0.001462 0.999996 -0.002378 0.014514 0.010770 0.002394 0.999939 -1.257664
0.999921 -0.000296 -0.012535 -0.001320 0.000311 0.999999 0.001205 0.007056 0.012535 -0.001208 0.999921 -1.255265
0.999897 0.001171 -0.014298 0.002462 -0.001169 0.999999 0.000175 0.006508 0.014298 -0.000158 0.999898 -1.236271
0.999893 -0.000314 -0.014605 0.003597 0.000283 0.999998 -0.002154 0.012169 0.014605 0.002150 0.999891 -1.227956
0.999873 0.003546 -0.015563 -0.002795 -0.003514 0.999992 0.002099 0.010522 0.015570 -0.002044 0.999877 -1.226564
0.999882 -0.000248 -0.015339 0.002594 0.000301 0.999994 0.003479 0.007765 0.015338 -0.003483 0.999876 -1.206134
0.999877 -0.001167 -0.015663 0.008982 0.001233 0.999990 0.004211 0.006904 0.015658 -0.004230 0.999868 -1.194312
0.999860 -0.004548 -0.016128 0.009809 0.004532 0.999989 -0.001022 0.007626 0.016132 0.000948 0.999869 -1.208622
0.999847 -0.006739 -0.016143 0.016421 0.006672 0.999969 -0.004205 0.014439 0.016171 0.004097 0.999861 -1.205564
0.999862 -0.004961 -0.015866 0.012760 0.004918 0.999984 -0.002721 0.011642 0.015880 0.002642 0.999870 -1.211121
0.999875 -0.002748 -0.015574 0.007894 0.002785 0.999993 0.002366 0.007990 0.015567 -0.002409 0.999876 -1.199916
0.999886 -0.001278 -0.015039 0.008862 0.001315 0.999996 0.002468 0.004747 0.015036 -0.002488 0.999884 -1.205430
0.999891 0.000660 -0.014747 0.007475 -0.000628 0.999997 0.002224 0.007421 0.014749 -0.002215 0.999889 -1.198564
0.999890 0.001102 -0.014794 0.002849 -0.001109 0.999999 -0.000464 0.009163 0.014794 0.000481 0.999890 -1.202518
0.999888 -0.001301 -0.014911 0.007231 0.001277 0.999998 -0.001635 0.011965 0.014913 0.001616 0.999887 -1.195708
0.999882 -0.001348 -0.015306 0.005013 0.001335 0.999999 -0.000907 0.011340 0.015307 0.000886 0.999882 -1.201549
0.999873 -0.002431 -0.015744 0.010389 0.002470 0.999994 0.002466 0.009464 0.015738 -0.002504 0.999873 -1.185880
0.999871 -0.000212 -0.016051 0.006074 0.000252 0.999997 0.002494 0.005239 0.016051 -0.002498 0.999868 -1.188241
0.999872 0.000041 -0.015987 0.005457 -0.000011 0.999998 0.001880 0.006223 0.015987 -0.001879 0.999870 -1.192224
0.999869 0.001563 -0.016098 0.005847 -0.001528 0.999996 0.002198 0.005994 0.016101 -0.002173 0.999868 -1.195368
0.999864 -0.001403 -0.016413 0.009844 0.001478 0.999989 0.004512 0.004004 0.016406 -0.004535 0.999855 -1.192462
0.999860 -0.000208 -0.016741 0.006338 0.000253 0.999996 0.002734 0.001164 0.016741 -0.002738 0.999856 -1.205703
0.999851 -0.002673 -0.017027 0.008936 0.002646 0.999995 -0.001565 0.003435 0.017031 0.001519 0.999854 -1.211238
0.999831 -0.004248 -0.017884 0.014568 0.004200 0.999987 -0.002734 0.007184 0.017895 0.002659 0.999836 -1.226980
0.999828 -0.001841 -0.018470 0.013091 0.001865 0.999997 0.001266 0.003436 0.018467 -0.001300 0.999829 -1.218918
0.999827 -0.002809 -0.018384 0.011197 0.002821 0.999996 0.000633 0.001837 0.018382 -0.000684 0.999831 -1.224887
0.999827 -0.002092 -0.018462 0.007720 0.002092 0.999998 -0.000023 0.005661 0.018462 -0.000015 0.999830 -1.224234
0.999828 -0.002781 -0.018361 0.008286 0.002802 0.999995 0.001138 0.006759 0.018357 -0.001190 0.999831 -1.229122
0.999828 -0.001922 -0.018440 0.009858 0.001931 0.999998 0.000469 0.004062 0.018439 -0.000504 0.999830 -1.233485
0.999827 -0.002095 -0.018490 0.008747 0.002060 0.999996 -0.001942 0.006287 0.018494 0.001904 0.999827 -1.243003
0.999828 -0.001359 -0.018507 0.008531 0.001297 0.999994 -0.003359 0.008676 0.018511 0.003334 0.999823 -1.254206
0.999826 -0.000451 -0.018662 0.009146 0.000421 0.999999 -0.001581 0.007095 0.018663 0.001573 0.999825 -1.256273
0.999820 -0.002406 -0.018818 0.012134 0.002399 0.999997 -0.000438 0.007398 0.018819 0.000393 0.999823 -1.259485
0.999813 -0.002786 -0.019143 0.014391 0.002857 0.999989 0.003673 0.003819 0.019132 -0.003727 0.999810 -1.269156
0.999795 -0.003765 -0.019906 0.013055 0.003814 0.999990 0.002415 0.002047 0.019896 -0.002490 0.999799 -1.259549
0.999774 -0.003541 -0.020940 0.015317 0.003516 0.999993 -0.001205 0.006030 0.020944 0.001131 0.999780 -1.268688
0.999743 -0.005513 -0.021985 0.019772 0.005393 0.999970 -0.005492 0.012041 0.022015 0.005372 0.999743 -1.277420
0.999721 -0.002647 -0.023473 0.018413 0.002627 0.999996 -0.000902 0.009444 0.023476 0.000840 0.999724 -1.281517
0.999684 -0.003755 -0.024859 0.020526 0.003752 0.999993 -0.000171 0.004618 0.024859 0.000078 0.999691 -1.277114
0.999671 -0.005024 -0.025150 0.017102 0.005023 0.999987 -0.000119 0.007799 0.025151 -0.000008 0.999684 -1.285423
0.999680 -0.001661 -0.025255 0.018337 0.001633 0.999998 -0.001133 0.005829 0.025257 0.001091 0.999680 -1.288700
0.999692 0.000279 -0.024800 0.009928 -0.000207 0.999996 0.002892 0.008800 0.024800 -0.002886 0.999688 -1.269274
0.999699 0.001143 -0.024496 0.014732 -0.001206 0.999996 -0.002567 0.005404 0.024493 0.002596 0.999697 -1.294686
0.999706 0.002253 -0.024153 0.003101 -0.002270 0.999997 -0.000682 0.013597 0.024151 0.000737 0.999708 -1.291347
0.999693 -0.000324 -0.024768 0.011969 0.000380 0.999997 0.002259 0.006871 0.024767 -0.002268 0.999691 -1.289083
0.999700 -0.000826 -0.024486 0.011551 0.000933 0.999990 0.004350 0.003248 0.024482 -0.004371 0.999691 -1.277254
0.999715 0.000827 -0.023867 0.008125 -0.000832 1.000000 -0.000217 0.005559 0.023867 0.000237 0.999715 -1.299043
0.999749 -0.000625 -0.022399 0.010021 0.000567 0.999996 -0.002600 0.010899 0.022401 0.002586 0.999746 -1.283453
0.999783 0.001017 -0.020799 0.006064 -0.000985 0.999998 0.001574 0.008722 0.020801 -0.001553 0.999782 -1.284234
0.999806 0.001116 -0.019655 0.007866 -0.001041 0.999992 0.003812 0.001981 0.019659 -0.003790 0.999800 -1.259946
0.999815 -0.003295 -0.018951 0.009666 0.003324 0.999993 0.001505 0.003941 0.018946 -0.001568 0.999819 -1.281914
0.999835 -0.002836 -0.017963 0.011230 0.002822 0.999996 -0.000791 0.007701 0.017965 0.000740 0.999838 -1.279867
0.999862 -0.002490 -0.016428 0.014869 0.002494 0.999997 0.000237 0.009083 0.016428 -0.000278 0.999865 -1.270352
0.999876 -0.001914 -0.015643 0.014483 0.001903 0.999998 -0.000705 0.010683 0.015644 0.000675 0.999877 -1.280807
0.999883 -0.002590 -0.015093 0.013712 0.002579 0.999996 -0.000793 0.008626 0.015095 0.000754 0.999886 -1.280491
0.999894 -0.003855 -0.014062 0.012406 0.003800 0.999985 -0.003934 0.013061 0.014076 0.003881 0.999893 -1.280028
0.999910 -0.002279 -0.013194 0.014076 0.002234 0.999992 -0.003418 0.013653 0.013202 0.003388 0.999907 -1.276222
0.999931 0.001592 -0.011639 0.004700 -0.001632 0.999993 -0.003434 0.013583 0.011633 0.003452 0.999926 -1.277815
0.999952 0.003761 -0.009021 0.002178 -0.003745 0.999991 0.001755 0.010427 0.009028 -0.001721 0.999958 -1.272755
0.999966 0.004950 -0.006665 -0.000748 -0.004940 0.999987 0.001563 0.007387 0.006673 -0.001530 0.999977 -1.268552
0.999982 0.002724 -0.005334 -0.005122 -0.002710 0.999993 0.002502 0.005139 0.005341 -0.002487 0.999983 -1.269734
0.999984 -0.002637 -0.005039 0.007856 0.002632 0.999996 -0.000987 0.006375 0.005042 0.000974 0.999987 -1.268798
0.999967 -0.006491 -0.004914 0.013355 0.006473 0.999973 -0.003615 0.010537 0.004938 0.003583 0.999981 -1.278954
0.999969 -0.005942 -0.005150 0.016704 0.005933 0.999981 -0.001803 0.010447 0.005161 0.001772 0.999985 -1.283676
0.999962 -0.007367 -0.004746 0.018298 0.007374 0.999972 0.001413 0.006233 0.004735 -0.001448 0.999988 -1.282193
0.999987 -0.003503 -0.003786 0.013016 0.003513 0.999990 0.002690 0.005791 0.003777 -0.002703 0.999989 -1.279295
0.999997 -0.000412 -0.002216 0.007303 0.000417 0.999997 0.002438 0.005835 0.002215 -0.002439 0.999995 -1.280589
1.000000 -0.000053 -0.000787 0.005662 0.000055 0.999998 0.002008 0.005986 0.000787 -0.002008 0.999998 -1.277654
0.999998 0.002206 0.000250 0.003006 -0.002207 0.999996 0.001870 0.005844 -0.000246 -0.001870 0.999998 -1.278449
0.999999 0.000315 0.001174 0.005438 -0.000317 0.999999 0.001645 0.006622 -0.001173 -0.001645 0.999998 -1.278628
0.999999 0.000427 0.001403 0.006031 -0.000429 0.999998 0.001895 0.006820 -0.001402 -0.001895 0.999997 -1.281712
0.999997 0.001460 0.002012 0.003730 -0.001460 0.999999 -0.000198 0.007533 -0.002013 0.000195 0.999998 -1.275277
0.999996 -0.000685 0.002633 0.005831 0.000684 1.000000 0.000340 0.009671 -0.002633 -0.000338 0.999996 -1.278900
0.999991 -0.001514 0.004046 0.007872 0.001513 0.999999 0.000321 0.006294 -0.004046 -0.000315 0.999992 -1.263713
0.999987 -0.000784 0.005107 0.004702 0.000794 0.999998 -0.002028 0.008150 -0.005105 0.002032 0.999985 -1.270111
0.999980 -0.001452 0.006135 0.006372 0.001469 0.999995 -0.002737 0.013144 -0.006131 0.002746 0.999977 -1.266032
0.999971 -0.001485 0.007471 0.004999 0.001505 0.999995 -0.002655 0.011263 -0.007467 0.002667 0.999969 -1.261447
0.999967 0.002361 0.007767 0.000703 -0.002362 0.999997 0.000030 0.011517 -0.007767 -0.000048 0.999970 -1.255981
0.999957 0.000164 0.009229 0.001585 -0.000166 1.000000 0.000208 0.009731 -0.009229 -0.000210 0.999957 -1.252070
0.999942 0.002274 0.010549 -0.003971 -0.002303 0.999994 0.002724 0.006895 -0.010542 -0.002748 0.999941 -1.248680
0.999936 0.001610 0.011225 0.000239 -0.001601 0.999998 -0.000828 0.008186 -0.011226 0.000810 0.999937 -1.241166
0.999916 0.001367 0.012876 0.000771 -0.001387 0.999998 0.001568 0.009067 -0.012874 -0.001586 0.999916 -1.251176
0.999896 0.001638 0.014354 -0.000898 -0.001656 0.999998 0.001205 0.009118 -0.014352 -0.001229 0.999896 -1.256255
0.999889 0.002444 0.014707 -0.002191 -0.002447 0.999997 0.000231 0.008137 -0.014707 -0.000267 0.999892 -1.260454
0.999894 0.000301 0.014531 0.003259 -0.000263 0.999996 -0.002652 0.013425 -0.014532 0.002648 0.999891 -1.263506
0.999883 0.002928 0.015040 -0.004830 -0.002937 0.999996 0.000585 0.010051 -0.015038 -0.000629 0.999887 -1.264498
0.999879 0.003096 0.015257 -0.005866 -0.003082 0.999995 -0.000919 0.010877 -0.015260 0.000872 0.999883 -1.257773
0.999869 0.003010 0.015921 -0.005703 -0.002979 0.999994 -0.002000 0.011588 -0.015927 0.001952 0.999871 -1.252659
0.999859 0.003794 0.016356 -0.008980 -0.003748 0.999989 -0.002820 0.015032 -0.016367 0.002758 0.999862 -1.246365
0.999857 0.004284 0.016384 -0.004150 -0.004258 0.999990 -0.001633 0.014962 -0.016391 0.001563 0.999864 -1.238733
0.999828 0.004841 0.017905 -0.007090 -0.004818 0.999988 -0.001337 0.013211 -0.017911 0.001251 0.999839 -1.234738
0.999804 0.003843 0.019431 -0.001832 -0.003823 0.999992 -0.001070 0.011313 -0.019435 0.000996 0.999811 -1.222370
0.999789 0.004316 0.020060 -0.006558 -0.004299 0.999990 -0.000885 0.009194 -0.020063 0.000798 0.999798 -1.228203
0.999789 0.002625 0.020371 -0.009091 -0.002613 0.999996 -0.000591 0.009938 -0.020373 0.000538 0.999792 -1.228297
0.999789 0.002511 0.020411 -0.003569 -0.002509 0.999997 -0.000139 0.009763 -0.020411 0.000088 0.999792 -1.223129
0.999760 0.003177 0.021664 -0.008574 -0.003169 0.999995 -0.000415 0.011186 -0.021665 0.000346 0.999765 -1.223590
0.999743 0.003196 0.022447 -0.004820 -0.003143 0.999992 -0.002390 0.010554 -0.022454 0.002319 0.999745 -1.218428
0.999691 0.003728 0.024595 -0.012801 -0.003683 0.999991 -0.001881 0.013466 -0.024602 0.001789 0.999696 -1.215506
0.999669 0.002884 0.025555 -0.006670 -0.002906 0.999995 0.000832 0.009222 -0.025552 -0.000906 0.999673 -1.206917
0.999668 0.002191 0.025660 -0.002094 -0.002241 0.999996 0.001922 0.007441 -0.025656 -0.001979 0.999669 -1.191307
0.999657 0.001014 0.026155 -0.003540 -0.001015 0.999999 0.000032 0.008570 -0.026155 -0.000058 0.999658 -1.186985
0.999628 0.000779 0.027255 -0.004635 -0.000767 1.000000 -0.000442 0.007118 -0.027255 0.000421 0.999628 -1.189897
0.999613 -0.000184 0.027811 -0.001923 0.000201 1.000000 -0.000595 0.009599 -0.027811 0.000601 0.999613 -1.182032
0.999607 -0.000446 0.028031 -0.005683 0.000416 0.999999 0.001078 0.006369 -0.028032 -0.001066 0.999606 -1.176402
0.999615 -0.000939 0.027739 -0.003105 0.000926 0.999999 0.000490 0.005147 -0.027740 -0.000464 0.999615 -1.171439
0.999614 0.000396 0.027769 -0.004205 -0.000393 1.000000 -0.000103 0.004082 -0.027769 0.000092 0.999614 -1.176657
0.999584 0.001306 0.028829 -0.007627 -0.001278 0.999999 -0.000987 0.005144 -0.028830 0.000950 0.999584 -1.171567
0.999548 0.001319 0.030018 -0.008639 -0.001323 0.999999 0.000111 0.005746 -0.030018 -0.000150 0.999549 -1.168080
0.999506 0.003641 0.031206 -0.014437 -0.003693 0.999992 0.001619 0.002826 -0.031200 -0.001733 0.999512 -1.174025
0.999484 0.001587 0.032080 -0.013109 -0.001591 0.999999 0.000092 0.002941 -0.032080 -0.000143 0.999485 -1.173719
0.999488 -0.000025 0.031987 -0.007089 0.000054 1.000000 -0.000885 0.002684 -0.031987 0.000886 0.999488 -1.178180
0.999478 0.000555 0.032304 -0.006556 -0.000483 0.999997 -0.002227 0.006410 -0.032305 0.002211 0.999476 -1.172447
0.999428 0.001968 0.033770 -0.013763 -0.001989 0.999998 0.000579 0.004873 -0.033769 -0.000646 0.999429 -1.171847
0.999536 0.003569 0.030257 0.113360 -0.003610 0.999993 0.001288 0.002210 -0.030252 -0.001396 0.999541 -1.050597
0.999387 0.003039 0.034889 -0.015414 -0.003071 0.999995 0.000872 0.000337 -0.034886 -0.000978 0.999391 -1.171571
0.999393 0.003258 0.034675 -0.016786 -0.003246 0.999995 -0.000411 0.001775 -0.034677 0.000298 0.999399 -1.177566
0.999381 0.001539 0.035151 -0.012571 -0.001532 0.999999 -0.000211 0.002268 -0.035151 0.000157 0.999382 -1.170219
0.999358 0.003020 0.035686 -0.016098 -0.002960 0.999994 -0.001736 0.003487 -0.035691 0.001630 0.999362 -1.178631
0.999352 0.001715 0.035955 -0.010993 -0.001634 0.999996 -0.002272 0.009339 -0.035959 0.002212 0.999351 -1.173246
0.999345 0.002588 0.036107 -0.014341 -0.002534 0.999996 -0.001562 0.008017 -0.036111 0.001470 0.999347 -1.172489
0.999339 0.002602 0.036249 -0.013092 -0.002576 0.999996 -0.000762 0.009443 -0.036251 0.000668 0.999342 -1.165791
0.999333 0.002256 0.036454 -0.015070 -0.002232 0.999997 -0.000707 0.007455 -0.036456 0.000626 0.999335 -1.165990
0.999331 0.002257 0.036496 -0.014808 -0.002254 0.999997 -0.000106 0.007180 -0.036496 0.000024 0.999334 -1.160961
0.999349 0.000593 0.036066 -0.013402 -0.000618 1.000000 0.000669 0.006987 -0.036065 -0.000690 0.999349 -1.162065
0.999387 0.001310 0.034987 -0.009513 -0.001296 0.999999 -0.000420 0.007003 -0.034988 0.000375 0.999388 -1.158049
0.999417 0.000644 0.034130 -0.007302 -0.000616 0.999999 -0.000820 0.010539 -0.034131 0.000799 0.999417 -1.155944
0.999437 0.000842 0.033537 -0.006502 -0.000857 1.000000 0.000446 0.009358 -0.033537 -0.000474 0.999437 -1.152789
0.999447 0.002670 0.033130 -0.008595 -0.002673 0.999996 0.000073 0.005689 -0.033130 -0.000161 0.999451 -1.156262
0.999471 0.002978 0.032385 -0.008004 -0.002917 0.999994 -0.001908 0.008806 -0.032390 0.001813 0.999474 -1.158151
0.999491 0.002936 0.031776 -0.010460 -0.002915 0.999995 -0.000712 0.008722 -0.031778 0.000619 0.999495 -1.161886
0.999521 0.002816 0.030805 -0.007776 -0.002833 0.999996 0.000510 0.006488 -0.030803 -0.000597 0.999525 -1.161118
0.999515 0.003602 0.030920 -0.010636 -0.003614 0.999993 0.000356 0.005451 -0.030918 -0.000468 0.999522 -1.160475
0.999514 0.004293 0.030885 -0.003915 -0.004291 0.999991 -0.000131 0.008059 -0.030886 -0.000001 0.999523 -1.160924
0.999513 0.004155 0.030936 -0.004136 -0.004139 0.999991 -0.000597 0.005437 -0.030938 0.000468 0.999521 -1.165657
0.999512 0.003702 0.031025 -0.002523 -0.003695 0.999993 -0.000312 0.006107 -0.031026 0.000197 0.999519 -1.165325
0.999509 0.004319 0.031020 -0.007298 -0.004349 0.999990 0.000886 0.004204 -0.031016 -0.001021 0.999518 -1.174870
0.999536 0.002491 0.030355 -0.003320 -0.002495 0.999997 0.000109 0.005086 -0.030354 -0.000185 0.999539 -1.175188
0.999541 0.002457 0.030191 -0.003814 -0.002429 0.999997 -0.000986 0.006514 -0.030193 0.000912 0.999544 -1.175214
0.999529 0.001899 0.030641 -0.005373 -0.001886 0.999998 -0.000430 0.010050 -0.030642 0.000372 0.999530 -1.176564
0.999520 0.003006 0.030846 0.005756 -0.003084 0.999992 0.002487 0.006688 -0.030838 -0.002581 0.999521 -1.165866
0.999509 0.003589 0.031136 0.001183 -0.003673 0.999990 0.002665 0.003642 -0.031126 -0.002778 0.999512 -1.164084
0.999523 0.003333 0.030704 0.003691 -0.003325 0.999994 -0.000316 0.005614 -0.030705 0.000214 0.999528 -1.177989
0.999530 0.002856 0.030538 0.001734 -0.002811 0.999995 -0.001514 0.008494 -0.030542 0.001427 0.999532 -1.183187
0.999560 0.001496 0.029612 0.002570 -0.001443 0.999997 -0.001805 0.012150 -0.029615 0.001761 0.999560 -1.193022
0.999609 0.000291 0.027968 -0.004374 -0.000298 1.000000 0.000230 0.011069 -0.027968 -0.000238 0.999609 -1.198398
0.999668 0.000356 0.025767 -0.004196 -0.000359 1.000000 0.000112 0.006573 -0.025767 -0.000121 0.999668 -1.193466
0.999697 0.000802 0.024614 -0.006104 -0.000771 0.999999 -0.001242 0.009408 -0.024615 0.001223 0.999696 -1.192616
0.999724 0.001295 0.023458 -0.002796 -0.001238 0.999996 -0.002439 0.011500 -0.023461 0.002409 0.999722 -1.213106
0.999747 0.002677 0.022344 -0.007115 -0.002627 0.999994 -0.002225 0.011852 -0.022350 0.002166 0.999748 -1.207393
0.999766 0.002202 0.021503 -0.008023 -0.002166 0.999996 -0.001668 0.011519 -0.021507 0.001621 0.999767 -1.219206
0.999785 0.002922 0.020520 0.000677 -0.002914 0.999996 -0.000432 0.007716 -0.020521 0.000372 0.999789 -1.218251
0.999791 0.000897 0.020441 0.010118 -0.000900 1.000000 0.000141 0.005888 -0.020441 -0.000160 0.999791 -1.214299
0.999779 0.001903 0.020935 -0.002875 -0.001899 0.999998 -0.000207 0.004335 -0.020935 0.000167 0.999781 -1.224776
0.999788 0.000940 0.020545 0.005656 -0.000884 0.999996 -0.002726 0.009525 -0.020547 0.002708 0.999785 -1.225913
0.999782 0.002026 0.020764 -0.000241 -0.001976 0.999995 -0.002443 0.010784 -0.020769 0.002402 0.999781 -1.225730
0.999792 0.001711 0.020335 0.010535 -0.001685 0.999998 -0.001294 0.013627 -0.020338 0.001259 0.999792 -1.218335
0.999790 0.002202 0.020369 0.000061 -0.002233 0.999996 0.001501 0.006530 -0.020366 -0.001546 0.999791 -1.221080
0.999817 0.001459 0.019082 0.002652 -0.001467 0.999999 0.000425 0.003557 -0.019081 -0.000453 0.999818 -1.230601
0.999835 0.000454 0.018181 0.008160 -0.000443 1.000000 -0.000619 0.007659 -0.018182 0.000611 0.999835 -1.230519
0.999844 0.001468 0.017590 0.006828 -0.001426 0.999996 -0.002401 0.007050 -0.017593 0.002376 0.999842 -1.250576
0.999845 0.002346 0.017430 0.001547 -0.002327 0.999997 -0.001078 0.007235 -0.017432 0.001037 0.999848 -1.242491
0.999861 0.000728 0.016672 0.003923 -0.000733 1.000000 0.000298 0.005783 -0.016672 -0.000310 0.999861 -1.258884
0.999869 0.004641 0.015499 0.000405 -0.004672 0.999987 0.001987 0.002858 -0.015490 -0.002059 0.999878 -1.255258
0.999888 0.001737 0.014836 0.001707 -0.001721 0.999998 -0.001104 0.002562 -0.014838 0.001078 0.999889 -1.262309
0.999899 0.003183 0.013860 -0.000729 -0.003173 0.999995 -0.000782 0.009048 -0.013862 0.000738 0.999904 -1.268864
0.999917 0.001705 0.012792 -0.001451 -0.001706 0.999999 0.000081 0.003181 -0.012792 -0.000103 0.999918 -1.279099
0.999945 0.001012 0.010394 -0.003644 -0.001004 0.999999 -0.000782 0.006679 -0.010395 0.000771 0.999946 -1.288757
0.999971 -0.000211 0.007569 0.002621 0.000224 0.999998 -0.001820 0.007192 -0.007569 0.001821 0.999970 -1.298936
0.999984 0.000301 0.005572 0.001917 -0.000294 0.999999 -0.001263 0.007565 -0.005573 0.001261 0.999984 -1.311908
0.999987 0.000769 0.005112 0.001336 -0.000767 1.000000 -0.000407 0.009350 -0.005112 0.000404 0.999987 -1.311183
0.999988 0.000936 0.004844 -0.001039 -0.000933 0.999999 -0.000658 0.009451 -0.004845 0.000654 0.999988 -1.312650
0.999990 0.001177 0.004341 -0.000373 -0.001168 0.999997 -0.002110 0.011089 -0.004344 0.002104 0.999988 -1.325137
0.999989 0.001610 0.004342 -0.003047 -0.001607 0.999998 -0.000803 0.013317 -0.004343 0.000796 0.999990 -1.329577
0.999988 0.001493 0.004599 -0.000591 -0.001494 0.999999 0.000186 0.010356 -0.004598 -0.000192 0.999989 -1.319999
0.999990 0.000790 0.004498 -0.001647 -0.000787 0.999999 -0.000693 0.012455 -0.004499 0.000690 0.999990 -1.325502
0.999990 -0.000456 0.004446 -0.000215 0.000457 1.000000 -0.000385 0.014776 -0.004446 0.000387 0.999990 -1.327086
0.999991 0.000187 0.004249 0.001839 -0.000184 1.000000 -0.000685 0.017536 -0.004249 0.000684 0.999991 -1.335011
0.999991 -0.000695 0.004216 -0.000947 0.000697 1.000000 -0.000592 0.021453 -0.004216 0.000595 0.999991 -1.336685
0.999994 -0.001487 0.003145 -0.010545 0.001487 0.999999 -0.000204 0.017498 -0.003145 0.000209 0.999995 -1.358695
0.999995 -0.002701 0.001809 0.005750 0.002702 0.999996 -0.000437 0.014909 -0.001808 0.000442 0.999998 -1.334046
0.999999 -0.000218 0.001060 0.003021 0.000218 1.000000 0.000010 0.012452 -0.001060 -0.000010 0.999999 -1.329802
0.999996 -0.002490 0.001484 0.000156 0.002489 0.999996 0.001137 0.007815 -0.001487 -0.001133 0.999998 -1.337536
0.999999 -0.000912 0.001472 0.003159 0.000909 0.999998 0.001539 0.010865 -0.001473 -0.001538 0.999998 -1.323430
0.999999 -0.001066 0.000580 0.010388 0.001066 0.999998 0.001381 0.009374 -0.000581 -0.001381 0.999999 -1.322818
0.999998 -0.001867 -0.000223 0.013938 0.001867 0.999998 0.000363 0.010310 0.000222 -0.000363 1.000000 -1.326702
0.999999 -0.001406 0.000379 0.009139 0.001406 0.999999 -0.000674 0.010744 -0.000378 0.000675 1.000000 -1.321817
0.999999 0.001159 0.000216 0.004169 -0.001159 0.999998 -0.001408 0.012281 -0.000217 0.001408 0.999999 -1.327036
0.999997 0.002522 0.000223 -0.001154 -0.002522 0.999996 -0.001551 0.011892 -0.000227 0.001550 0.999999 -1.332550
0.999999 0.001498 0.000024 0.003592 -0.001498 0.999999 -0.000827 0.013044 -0.000025 0.000827 1.000000 -1.327592
0.999999 0.001537 0.000166 0.002904 -0.001537 0.999998 0.001530 0.011852 -0.000163 -0.001530 0.999999 -1.338510
