1.000000 0.000000 0.000000 0.000000 0.000000 1.000000 0.000000 0.000000 0.000000 0.000000 1.000000 0.000000
0.999999 -0.000691 -0.001329 0.004672 0.000697 0.999989 0.004632 -0.002971 0.001326 -0.004633 0.999988 -0.961664
0.999997 0.002323 -0.000536 -0.002487 -0.002323 0.999997 0.000830 -0.006848 0.000538 -0.000828 1.000000 -0.958027
0.999998 0.001760 0.000257 -0.003019 -0.001759 0.999990 -0.003995 -0.001347 -0.000264 0.003995 0.999992 -0.956309
0.999996 0.002570 0.000872 -0.003478 -0.002564 0.999979 -0.006033 0.005432 -0.000887 0.006030 0.999981 -0.954837
0.999991 0.003845 0.001720 -0.007037 -0.003845 0.999993 0.000036 0.000425 -0.001719 -0.000043 0.999999 -0.943940
0.999995 0.002780 0.001375 -0.005305 -0.002784 0.999992 0.002826 -0.002279 -0.001367 -0.002829 0.999995 -0.937118
0.999999 0.000768 0.001089 -0.002715 -0.000772 0.999994 0.003457 -0.003665 -0.001086 -0.003457 0.999993 -0.932052
0.999999 -0.000187 0.001025 0.000775 0.000186 1.000000 0.000576 -0.003056 -0.001025 -0.000576 0.999999 -0.931024
0.999999 -0.000270 0.001245 0.000302 0.000272 0.999998 -0.001807 -0.001247 -0.001244 0.001807 0.999998 -0.929518
1.000000 -0.000132 0.000899 0.001109 0.000135 0.999996 -0.002943 0.001327 -0.000899 0.002943 0.999995 -0.927546
0.999999 0.000366 0.001283 -0.002508 -0.000364 0.999999 -0.001437 0.000894 -0.001284 0.001436 0.999998 -0.925458
0.999998 0.001521 0.000950 -0.003701 -0.001521 0.999999 -0.000801 -0.000170 -0.000951 0.000800 0.999999 -0.921732
0.999999 0.000292 0.001167 -0.001892 -0.000292 1.000000 0.000020 0.000364 -0.001167 -0.000020 0.999999 -0.913433
1.000000 0.000503 0.000861 0.001493 -0.000504 0.999999 0.001428 -0.000751 -0.000860 -0.001428 0.999999 -0.907912
0.999999 0.000545 0.001590 0.001583 -0.000548 0.999998 0.002043 -0.003057 -0.001589 -0.002044 0.999997 -0.905515
0.999998 0.001384 0.001625 0.001193 -0.001387 0.999998 0.001336 -0.003292 -0.001623 -0.001339 0.999998 -0.903216
0.999998 -0.000324 0.001707 0.003515 0.000323 1.000000 0.000676 -0.001553 -0.001707 -0.000676 0.999998 -0.900944
0.999998 -0.001232 0.001635 0.005160 0.001231 0.999999 0.000871 -0.000576 -0.001637 -0.000869 0.999998 -0.901142
0.999998 -0.001394 0.001726 0.005211 0.001394 0.999999 0.000025 -0.001765 -0.001726 -0.000023 0.999999 -0.896345
0.999999 0.000521 0.001574 0.003003 -0.000520 1.000000 -0.000816 -0.000796 -0.001574 0.000815 0.999998 -0.893255
0.999999 -0.000482 0.001486 0.003584 0.000484 0.999999 -0.001297 0.000739 -0.001486 0.001298 0.999998 -0.885677
0.999999 -0.000343 0.001460 0.004438 0.000344 1.000000 -0.000615 0.000858 -0.001460 0.000615 0.999999 -0.884387
0.999998 0.001045 0.001730 0.000786 -0.001045 0.999999 0.000107 0.000714 -0.001729 -0.000109 0.999998 -0.878447
0.999998 0.000111 0.001906 0.000699 -0.000112 1.000000 0.000391 -0.000367 -0.001906 -0.000391 0.999998 -0.871342
0.999999 -0.000142 0.001159 0.003387 0.000142 1.000000 -0.000428 0.000009 -0.001159 0.000428 0.999999 -0.863304
0.999999 -0.000134 0.001235 0.001588 0.000136 0.999998 -0.001998 0.000737 -0.001235 0.001998 0.999997 -0.860049
0.999999 0.001096 0.000824 0.000864 -0.001093 0.999996 -0.002794 0.002489 -0.000827 0.002793 0.999996 -0.848475
1.000000 -0.000142 0.000893 0.000482 0.000144 0.999999 -0.001577 0.003121 -0.000893 0.001577 0.999998 -0.838158
0.999999 -0.000684 0.000846 0.003343 0.000683 0.999999 0.001151 0.001188 -0.000847 -0.001151 0.999999 -0.825954
0.999998 -0.001636 0.000971 0.005033 0.001634 0.999995 0.002641 -0.001538 -0.000975 -0.002639 0.999996 -0.817163
0.999999 -0.000379 0.000949 0.002244 0.000377 0.999998 0.001731 -0.002586 -0.000950 -0.001731 0.999998 -0.802416
0.999999 -0.000854 0.001093 0.004369 0.000853 1.000000 0.000367 -0.001126 -0.001093 -0.000366 0.999999 -0.791438
0.999999 0.000102 0.001277 0.003210 -0.000103 1.000000 0.000475 0.000989 -0.001277 -0.000475 0.999999 -0.784953
0.999998 -0.000286 0.002173 0.002057 0.000284 1.000000 0.000803 0.000666 -0.002173 -0.000803 0.999997 -0.777483
0.999998 -0.000208 0.002060 0.002642 0.000208 1.000000 0.000110 -0.002118 -0.002060 -0.000110 0.999998 -0.768491
0.999998 -0.000067 0.002053 0.003077 0.000069 0.999999 -0.001048 -0.003241 -0.002053 0.001049 0.999997 -0.761301
0.999998 0.000401 0.002157 0.000661 -0.000396 0.999997 -0.002280 -0.000118 -0.002158 0.002279 0.999995 -0.752263
0.999997 -0.000898 0.002217 0.000693 0.000902 0.999999 -0.001462 0.001089 -0.002216 0.001464 0.999996 -0.745729
0.999997 -0.001215 0.002170 0.001973 0.001215 0.999999 -0.000191 0.000572 -0.002169 0.000194 0.999998 -0.730995
0.999995 -0.002514 0.002150 0.002485 0.002512 0.999996 0.000855 -0.000477 -0.002152 -0.000849 0.999997 -0.717680
0.999997 -0.001664 0.002033 0.003339 0.001663 0.999998 0.000738 -0.001226 -0.002034 -0.000735 0.999998 -0.710128
0.999999 -0.000208 0.001719 0.003051 0.000210 0.999999 -0.001116 -0.000740 -0.001719 0.001116 0.999998 -0.699239
0.999998 -0.001231 0.001343 0.001823 0.001234 0.999998 -0.001822 -0.000044 -0.001341 0.001823 0.999997 -0.691719
0.999996 -0.002855 0.000308 0.003470 0.002856 0.999996 -0.000571 0.002721 -0.000306 0.000572 1.000000 -0.680973
0.999994 -0.003254 -0.000879 0.005064 0.003256 0.999993 0.002072 0.001600 0.000873 -0.002075 0.999997 -0.665844
0.999997 -0.001775 -0.001432 0.000922 0.001780 0.999993 0.003219 -0.003588 0.001426 -0.003222 0.999994 -0.653702
0.999998 -0.000617 -0.001941 -0.000229 0.000621 0.999998 0.001907 -0.005089 0.001939 -0.001908 0.999996 -0.645543
0.999995 -0.001082 -0.002888 0.000490 0.001080 0.999999 -0.000792 -0.003309 0.002889 0.000789 0.999996 -0.642013
0.999985 -0.004629 -0.002896 0.003765 0.004621 0.999986 -0.002743 0.001292 0.002908 0.002730 0.999992 -0.635383
0.999986 -0.004151 -0.003413 0.002835 0.004139 0.999985 -0.003596 0.003730 0.003427 0.003582 0.999988 -0.626152
0.999980 -0.004993 -0.004003 0.003631 0.004989 0.999987 -0.001017 0.001396 0.004008 0.000997 0.999991 -0.606023
0.999980 -0.003751 -0.005073 0.002205 0.003750 0.999993 -0.000324 -0.001094 0.005074 0.000305 0.999987 -0.587736
0.999978 -0.003698 -0.005473 0.000834 0.003686 0.999991 -0.002107 -0.000388 0.005481 0.002087 0.999983 -0.573702
0.999969 -0.004743 -0.006274 0.003529 0.004734 0.999988 -0.001406 0.002530 0.006281 0.001376 0.999979 -0.553237
0.999971 -0.003302 -0.006886 0.002389 0.003303 0.999995 0.000125 0.003218 0.006886 -0.000147 0.999976 -0.532077
0.999969 -0.003436 -0.007109 0.002188 0.003434 0.999994 -0.000417 0.004514 0.007110 0.000392 0.999975 -0.510877
0.999963 -0.004474 -0.007394 0.002641 0.004475 0.999990 0.000101 0.001874 0.007394 -0.000134 0.999973 -0.487539
0.999962 -0.004366 -0.007583 0.003248 0.004384 0.999988 0.002350 0.000387 0.007572 -0.002383 0.999968 -0.465032
0.999966 -0.001930 -0.008026 -0.000751 0.001952 0.999994 0.002696 -0.000165 0.008021 -0.002711 0.999964 -0.441369
0.999970 -0.000625 -0.007742 -0.003060 0.000624 1.000000 -0.000153 -0.000861 0.007742 0.000148 0.999970 -0.424172
0.999970 0.000361 -0.007776 -0.005816 -0.000375 0.999998 -0.001792 -0.000870 0.007775 0.001795 0.999968 -0.401306
0.999966 -0.002070 -0.007962 -0.000858 0.002061 0.999997 -0.001141 -0.001445 0.007965 0.001125 0.999968 -0.371381
0.999956 -0.003389 -0.008705 0.000709 0.003384 0.999994 -0.000581 -0.002901 0.008707 0.000551 0.999962 -0.351323
0.999952 -0.004993 -0.008471 -0.006993 0.004994 0.999988 0.000176 -0.004543 0.008470 -0.000218 0.999964 -0.334381
0.999953 -0.003986 -0.008864 -0.003489 0.003981 0.999992 -0.000490 -0.003038 0.008866 0.000454 0.999961 -0.308418
0.999960 0.000476 -0.008894 -0.017817 -0.000486 0.999999 -0.001126 -0.001582 0.008893 0.001130 0.999960 -0.286650
0.999937 0.001260 -0.011193 0.006400 -0.001248 0.999999 0.001082 0.003353 0.011194 -0.001068 0.999937 -0.269615
0.999564 0.001902 -0.029453 0.734704 -0.001784 0.999990 0.004044 0.006047 0.029461 -0.003990 0.999558 -0.937892
0.999601 0.000767 -0.028252 0.638214 -0.000599 0.999982 0.005953 -0.088646 0.028256 -0.005933 0.999583 -0.859437
0.999872 -0.001434 -0.015907 0.002645 0.001454 0.999998 0.001247 -0.001490 0.015905 -0.001270 0.999873 -0.273239
0.999859 -0.001605 -0.016706 0.003216 0.001609 0.999999 0.000261 -0.000016 0.016705 -0.000288 0.999860 -0.278377
0.999850 -0.000458 -0.017330 -0.003440 0.000460 1.000000 0.000106 -0.000943 0.017330 -0.000114 0.999850 -0.265617
0.999825 0.001004 -0.018660 -0.001054 -0.001001 0.999999 0.000142 -0.004680 0.018660 -0.000123 0.999826 -0.273785
0.999805 0.001008 -0.019735 -0.011638 -0.001023 0.999999 -0.000743 -0.005355 0.019734 0.000763 0.999805 -0.265865
0.999780 -0.000148 -0.020978 -0.001588 0.000152 1.000000 0.000168 -0.006582 0.020978 -0.000172 0.999780 -0.275615
0.999755 -0.001832 -0.022037 -0.002523 0.001854 0.999998 0.000992 -0.006058 0.022035 -0.001033 0.999757 -0.272347
0.999718 -0.001126 -0.023719 -0.009020 0.001144 0.999999 0.000723 -0.005375 0.023719 -0.000750 0.999718 -0.269729
0.999674 -0.001381 -0.025484 -0.015360 0.001370 0.999999 -0.000472 -0.002731 0.025485 0.000437 0.999675 -0.267912
0.999630 -0.003338 -0.027002 -0.015934 0.003313 0.999994 -0.000965 0.000212 0.027005 0.000875 0.999635 -0.263658
0.999578 -0.002597 -0.028944 -0.019144 0.002572 0.999996 -0.000917 -0.000122 0.028946 0.000842 0.999581 -0.267584
0.999529 -0.001149 -0.030676 -0.019123 0.001123 0.999999 -0.000855 0.001383 0.030677 0.000820 0.999529 -0.268042
0.999466 0.001914 -0.032628 -0.032439 -0.001922 0.999998 -0.000198 0.001495 0.032628 0.000261 0.999468 -0.263052
0.999356 0.003132 -0.035758 -0.032742 -0.003124 0.999995 0.000287 0.001398 0.035759 -0.000175 0.999360 -0.263023
0.999268 0.001658 -0.038224 -0.033779 -0.001588 0.999997 0.001869 -0.002027 0.038227 -0.001807 0.999267 -0.269997
0.999213 -0.000648 -0.039663 -0.033362 0.000756 0.999996 0.002717 -0.005027 0.039661 -0.002745 0.999209 -0.278269
0.999142 -0.001071 -0.041409 -0.032290 0.001154 0.999997 0.001985 -0.004282 0.041407 -0.002031 0.999140 -0.287707
0.999051 -0.002877 -0.043458 -0.030323 0.002922 0.999995 0.000965 -0.004961 0.043455 -0.001091 0.999055 -0.301454
0.998961 -0.004851 -0.045318 -0.026026 0.004857 0.999988 0.000020 -0.004062 0.045318 -0.000241 0.998973 -0.315847
0.998900 -0.005786 -0.046540 -0.026909 0.005776 0.999983 -0.000339 -0.003871 0.046541 0.000069 0.998916 -0.331678
0.998789 -0.002249 -0.049143 -0.029027 0.002218 0.999997 -0.000683 -0.005305 0.049144 0.000574 0.998792 -0.349549
0.998647 0.000897 -0.051985 -0.033305 -0.001027 0.999996 -0.002480 -0.002162 0.051982 0.002530 0.998645 -0.365176
0.998605 0.000023 -0.052809 -0.032174 -0.000113 0.999999 -0.001696 -0.004837 0.052808 0.001699 0.998603 -0.382658
0.998514 -0.000983 -0.054479 -0.030003 0.000916 0.999999 -0.001247 -0.008209 0.054480 0.001196 0.998514 -0.402342
0.998381 0.000523 -0.056879 -0.030301 -0.000526 1.000000 -0.000030 -0.006724 0.056879 0.000060 0.998381 -0.413905
0.998364 -0.000157 -0.057184 -0.029363 0.000077 0.999999 -0.001409 -0.006273 0.057184 0.001403 0.998363 -0.434732
0.998438 -0.001459 -0.055852 -0.027128 0.001291 0.999995 -0.003045 -0.006076 0.055856 0.002968 0.998434 -0.446965
0.998471 -0.003062 -0.055200 -0.024341 0.002846 0.999988 -0.003981 -0.006701 0.055211 0.003818 0.998467 -0.463654
0.998516 -0.006050 -0.054128 -0.017841 0.005899 0.999978 -0.002951 -0.009720 0.054144 0.002627 0.998530 -0.474194
0.998626 -0.000856 -0.052398 -0.024104 0.000857 1.000000 0.000003 -0.010855 0.052398 -0.000048 0.998626 -0.480297
0.998727 0.008183 -0.049782 -0.039567 -0.008231 0.999966 -0.000758 -0.005196 0.049774 0.001167 0.998760 -0.496663
0.998878 0.010465 -0.046177 -0.043678 -0.010625 0.999938 -0.003208 -0.004507 0.046140 0.003695 0.998928 -0.511561
0.999029 0.006552 -0.043577 -0.034234 -0.006536 0.999979 0.000517 -0.008108 0.043579 -0.000232 0.999050 -0.521615
0.999231 0.000952 -0.039190 -0.020780 -0.000886 0.999998 0.001714 -0.012298 0.039192 -0.001678 0.999230 -0.533294
0.999418 0.006775 -0.033418 -0.026162 -0.006723 0.999976 0.001647 -0.004254 0.033428 -0.001422 0.999440 -0.545256
0.999550 0.005249 -0.029543 -0.023223 -0.005288 0.999985 -0.001250 0.000183 0.029536 0.001406 0.999563 -0.556345
0.999660 0.005246 -0.025552 -0.017934 -0.005281 0.999985 -0.001310 -0.003791 0.025544 0.001445 0.999673 -0.570858
0.999790 0.003388 -0.020223 -0.015501 -0.003403 0.999994 -0.000723 -0.010663 0.020220 0.000792 0.999795 -0.581178
0.999869 0.001671 -0.016074 -0.009163 -0.001643 0.999997 0.001780 -0.007952 0.016077 -0.001753 0.999869 -0.587616
0.999909 -0.000198 -0.013514 -0.005557 0.000193 1.000000 -0.000345 -0.004757 0.013514 0.000342 0.999909 -0.596706
0.999930 -0.000157 -0.011840 -0.001228 0.000167 1.000000 0.000838 -0.003890 0.011839 -0.000840 0.999930 -0.605232
0.999948 0.004106 -0.009323 -0.008365 -0.004080 0.999988 0.002877 -0.007661 0.009335 -0.002838 0.999952 -0.617736
0.999970 0.003824 -0.006723 -0.008004 -0.003811 0.999991 0.001913 -0.009876 0.006730 -0.001888 0.999976 -0.629087
0.999989 0.000168 -0.004662 -0.000612 -0.000171 1.000000 -0.000766 -0.008318 0.004662 0.000767 0.999989 -0.639553
0.999991 -0.002472 -0.003443 0.006606 0.002462 0.999993 -0.002729 -0.007913 0.003449 0.002721 0.999990 -0.657296
0.999995 -0.002061 -0.002357 0.006275 0.002045 0.999974 -0.006891 -0.004347 0.002371 0.006886 0.999973 -0.675443
0.999998 0.001283 -0.001244 -0.000099 -0.001291 0.999983 -0.005773 -0.001860 0.001236 0.005774 0.999983 -0.684982
0.999996 0.002662 -0.000522 -0.003835 -0.002664 0.999993 -0.002732 0.000157 0.000515 0.002733 0.999996 -0.694004
0.999994 0.003415 0.000253 -0.005633 -0.003415 0.999992 0.002105 -0.001486 -0.000246 -0.002106 0.999998 -0.696710
0.999999 0.001085 0.000720 0.001199 -0.001091 0.999973 0.007222 -0.006934 -0.000712 -0.007223 0.999974 -0.698702
0.999997 0.000941 0.002291 0.000631 -0.000959 0.999968 0.007930 -0.014816 -0.002284 -0.007932 0.999966 -0.715636
0.999997 0.000941 0.002254 -0.000237 -0.000943 0.999999 0.000697 -0.015102 -0.002253 -0.000700 0.999997 -0.726309
0.999997 -0.000337 0.002230 0.004306 0.000347 0.999990 -0.004446 -0.006916 -0.002228 0.004447 0.999988 -0.738340
0.999996 -0.000123 0.002941 -0.004099 0.000143 0.999978 -0.006574 0.000775 -0.002940 0.006575 0.999974 -0.753049
0.999994 -0.001587 0.002935 0.005948 0.001592 0.999997 -0.001656 0.000392 -0.002933 0.001660 0.999994 -0.739368
0.999964 0.008021 0.002724 -0.002507 -0.008035 0.999954 0.005150 -0.002509 -0.002682 -0.005171 0.999983 -0.721846
0.999992 0.001975 0.003360 -0.002710 -0.001994 0.999983 0.005471 -0.008312 -0.003349 -0.005477 0.999979 -0.735192
0.999980 -0.005694 0.002768 0.013713 0.005692 0.999984 0.000610 -0.010208 -0.002772 -0.000594 0.999996 -0.735695
0.999985 -0.004017 0.003707 0.011670 0.004031 0.999985 -0.003641 -0.004434 -0.003692 0.003656 0.999987 -0.750332
0.999980 0.004474 0.004554 -0.004362 -0.004457 0.999983 -0.003764 0.003889 -0.004571 0.003744 0.999983 -0.741473
0.999981 0.005136 0.003388 -0.007026 -0.005139 0.999986 0.001023 -0.001447 -0.003383 -0.001041 0.999994 -0.740689
0.999995 0.000102 0.003077 -0.000231 -0.000116 0.999990 0.004512 -0.006722 -0.003077 -0.004512 0.999985 -0.739833
0.999987 -0.003172 0.004097 0.005070 0.003169 0.999995 0.000663 -0.008211 -0.004099 -0.000650 0.999991 -0.734174
0.999992 -0.000315 0.004005 0.000896 0.000318 1.000000 -0.000737 -0.001372 -0.004005 0.000739 0.999992 -0.757378
0.999985 0.004378 0.003424 -0.003146 -0.004367 0.999985 -0.003280 0.000787 -0.003438 0.003265 0.999989 -0.747608
0.999982 0.004869 0.003471 -0.006551 -0.004871 0.999988 0.000505 -0.000039 -0.003469 -0.000522 0.999994 -0.741478
0.999989 0.003129 0.003439 -0.001381 -0.003131 0.999995 0.000727 -0.001792 -0.003437 -0.000737 0.999994 -0.744985
0.999996 0.000757 0.002657 0.003993 -0.000756 1.000000 -0.000172 -0.004616 -0.002657 0.000170 0.999996 -0.747051
0.999992 0.001812 0.003616 -0.001538 -0.001806 0.999997 -0.001531 -0.003598 -0.003619 0.001525 0.999992 -0.752816
0.999990 0.002344 0.003862 -0.005062 -0.002339 0.999997 -0.001056 -0.000250 -0.003864 0.001047 0.999992 -0.751770
0.999994 -0.001398 0.003157 0.003132 0.001397 0.999999 0.000278 -0.006203 -0.003157 -0.000274 0.999995 -0.750659
0.999991 -0.002432 0.003433 0.005628 0.002426 0.999996 0.001599 -0.005690 -0.003436 -0.001590 0.999993 -0.755577
0.999994 0.001996 0.002891 -0.000534 -0.001996 0.999998 0.000008 -0.004799 -0.002891 -0.000013 0.999996 -0.759249
0.999994 -0.001887 0.003069 0.003710 0.001888 0.999998 -0.000410 -0.005720 -0.003069 0.000416 0.999995 -0.760988
0.999996 -0.001407 0.002526 0.006476 0.001407 0.999999 0.000220 -0.005474 -0.002527 -0.000216 0.999997 -0.760943
0.999991 -0.002748 0.003159 0.006608 0.002748 0.999996 -0.000107 -0.003807 -0.003159 0.000116 0.999995 -0.764206
0.999993 -0.001152 0.003549 0.004319 0.001145 0.999998 0.001853 -0.005173 -0.003551 -0.001849 0.999992 -0.766417
0.999994 -0.000754 0.003404 0.005943 0.000742 0.999994 0.003412 -0.007029 -0.003407 -0.003410 0.999988 -0.764238
0.999994 0.000504 0.003532 0.001919 -0.000512 0.999998 0.002116 -0.006625 -0.003531 -0.002117 0.999992 -0.769655
0.999978 -0.005786 0.003380 0.011251 0.005779 0.999981 0.001971 -0.011232 -0.003392 -0.001951 0.999992 -0.776282
0.999990 -0.003409 0.003024 0.010407 0.003412 0.999994 -0.001009 -0.008174 -0.003021 0.001020 0.999995 -0.778263
0.999991 0.002443 0.003510 0.003167 -0.002446 0.999997 0.000720 -0.005266 -0.003508 -0.000729 0.999994 -0.778986
0.999992 -0.000350 0.003939 0.004670 0.000346 0.999999 0.001081 -0.005174 -0.003940 -0.001079 0.999992 -0.789141
0.999986 -0.003529 0.003874 0.014830 0.003526 0.999994 0.000671 -0.010522 -0.003877 -0.000658 0.999992 -0.798190
0.999991 -0.000587 0.004283 0.005889 0.000596 0.999998 -0.002034 -0.008040 -0.004281 0.002037 0.999989 -0.799123
0.999987 0.001044 0.004900 -0.000100 -0.001043 0.999999 -0.000092 -0.002386 -0.004900 0.000087 0.999988 -0.796696
0.999982 -0.003042 0.005235 0.010357 0.003025 0.999990 0.003258 -0.005604 -0.005245 -0.003243 0.999981 -0.797794
0.999980 -0.001284 0.006114 0.011275 0.001232 0.999963 0.008471 -0.011120 -0.006125 -0.008463 0.999945 -0.796173
0.999972 -0.000959 0.007417 0.007839 0.000925 0.999988 0.004710 -0.013590 -0.007422 -0.004703 0.999961 -0.802844
0.999964 -0.003588 0.007641 0.011587 0.003567 0.999990 0.002655 -0.012162 -0.007651 -0.002628 0.999967 -0.804331
0.999967 -0.003161 0.007430 0.011830 0.003177 0.999993 -0.002070 -0.007653 -0.007423 0.002093 0.999970 -0.817673
0.999971 0.000677 0.007565 0.006809 -0.000665 0.999998 -0.001637 -0.006836 -0.007566 0.001632 0.999970 -0.815229
0.999972 0.000319 0.007426 0.005666 -0.000294 0.999994 -0.003443 -0.007470 -0.007428 0.003440 0.999966 -0.815981
0.999970 -0.001135 0.007626 0.009134 0.001178 0.999984 -0.005622 -0.007005 -0.007620 0.005631 0.999955 -0.822879
0.999972 -0.001680 0.007353 0.011559 0.001737 0.999968 -0.007824 -0.002813 -0.007339 0.007837 0.999942 -0.827561
0.999971 0.000701 0.007533 0.009324 -0.000680 0.999996 -0.002713 0.002389 -0.007535 0.002707 0.999968 -0.820524
0.999974 0.000544 0.007251 0.005279 -0.000558 0.999998 0.001941 -0.003797 -0.007250 -0.001945 0.999972 -0.809486
0.999982 0.001206 0.005920 0.005586 -0.001247 0.999975 0.006933 -0.009662 -0.005912 -0.006940 0.999958 -0.800786
0.999986 -0.000739 0.005301 0.006343 0.000721 0.999994 0.003433 -0.010222 -0.005303 -0.003429 0.999980 -0.794571
0.999986 -0.000642 0.005194 0.009525 0.000627 0.999996 0.002889 -0.006172 -0.005196 -0.002885 0.999982 -0.794698
0.999983 -0.001856 0.005590 0.008414 0.001861 0.999998 -0.000867 -0.004022 -0.005588 0.000878 0.999984 -0.785004
0.999977 0.004503 0.005095 -0.001289 -0.004492 0.999987 -0.002226 -0.003628 -0.005105 0.002203 0.999985 -0.778285
0.999989 0.001123 0.004592 0.001958 -0.001092 0.999976 -0.006772 -0.001304 -0.004600 0.006767 0.999967 -0.775032
0.999993 -0.001702 0.003413 0.007470 0.001725 0.999976 -0.006694 0.004961 -0.003401 0.006700 0.999972 -0.765706
0.999988 -0.003467 0.003528 0.010738 0.003482 0.999985 -0.004172 0.003606 -0.003513 0.004185 0.999985 -0.757878
0.999993 -0.001323 0.003455 0.005473 0.001324 0.999999 -0.000254 0.001495 -0.003455 0.000259 0.999994 -0.742329
0.999996 -0.001691 0.002384 0.006405 0.001687 0.999997 0.001782 -0.001593 -0.002387 -0.001778 0.999996 -0.731389
0.999991 -0.003958 0.001729 0.011354 0.003952 0.999986 0.003544 -0.001244 -0.001743 -0.003537 0.999992 -0.716847
0.999997 -0.001030 0.002162 0.007509 0.001022 0.999992 0.003839 -0.000795 -0.002166 -0.003837 0.999990 -0.710405
0.999997 -0.000373 0.002238 0.005650 0.000361 0.999985 0.005439 -0.005101 -0.002240 -0.005438 0.999983 -0.700022
0.999998 0.000966 0.001671 0.003091 -0.000969 0.999997 0.002206 -0.006019 -0.001669 -0.002208 0.999996 -0.695408
0.999996 -0.002385 0.001622 0.008302 0.002386 0.999997 -0.000695 -0.003164 -0.001620 0.000699 0.999998 -0.687039
1.000000 0.000142 0.000720 0.003111 -0.000139 0.999995 -0.003100 0.000705 -0.000721 0.003100 0.999995 -0.683285
1.000000 -0.000014 0.000775 0.001845 0.000016 0.999996 -0.002646 0.002569 -0.000775 0.002646 0.999996 -0.670063
1.000000 0.000932 -0.000206 0.000991 -0.000932 0.999999 -0.001088 -0.000766 0.000205 0.001089 0.999999 -0.659989
0.999999 -0.000395 -0.001351 0.002669 0.000394 0.999999 -0.000922 0.001055 0.001351 0.000921 0.999999 -0.651592
0.999998 -0.001244 -0.001552 0.004098 0.001245 0.999999 0.000602 0.000384 0.001551 -0.000604 0.999999 -0.635440
0.999997 -0.000893 -0.002166 0.004127 0.000898 0.999996 0.002606 0.000019 0.002163 -0.002608 0.999994 -0.624436
0.999996 0.001688 -0.002298 -0.001131 -0.001679 0.999990 0.004210 -0.001290 0.002305 -0.004207 0.999988 -0.614033
0.999996 0.002228 -0.001783 -0.004279 -0.002226 0.999997 0.000960 -0.005001 0.001786 -0.000956 0.999998 -0.609143
0.999997 -0.000913 -0.002070 0.000316 0.000910 0.999999 -0.001286 -0.006658 0.002071 0.001284 0.999997 -0.605421
0.999997 -0.000350 -0.002408 0.002138 0.000343 0.999995 -0.003194 -0.000617 0.002409 0.003194 0.999992 -0.599016
0.999998 0.000255 -0.002133 0.003124 -0.000263 0.999992 -0.004107 0.005186 0.002132 0.004108 0.999989 -0.593654
0.999992 0.003443 -0.002165 -0.000529 -0.003444 0.999994 -0.000420 0.004373 0.002163 0.000428 0.999998 -0.580604
0.999992 0.003550 -0.002048 -0.004050 -0.003546 0.999991 0.002104 -0.001545 0.002055 -0.002097 0.999996 -0.564677
0.999988 0.003953 -0.002805 -0.004359 -0.003946 0.999988 0.002787 -0.004664 0.002816 -0.002776 0.999992 -0.558938
0.999998 -0.000684 -0.001655 0.000751 0.000687 0.999998 0.001652 -0.003869 0.001654 -0.001653 0.999997 -0.554145
0.999999 -0.000452 -0.001287 0.002634 0.000455 0.999997 0.002407 -0.002722 0.001286 -0.002408 0.999996 -0.552976
0.999997 0.001775 -0.001388 -0.001228 -0.001777 0.999997 -0.001485 -0.000299 0.001385 0.001487 0.999998 -0.556100
0.999981 0.006238 0.000282 -0.007344 -0.006238 0.999980 -0.000520 -0.004828 -0.000285 0.000518 1.000000 -0.560559
0.999985 0.005100 0.002009 -0.009277 -0.005098 0.999987 -0.000820 -0.008450 -0.002014 0.000810 0.999998 -0.561703
0.999994 0.003040 0.001737 -0.001183 -0.003040 0.999995 -0.000125 -0.003498 -0.001738 0.000119 0.999998 -0.557640
0.999991 -0.002320 0.003605 0.007700 0.002322 0.999997 -0.000710 -0.002060 -0.003603 0.000719 0.999993 -0.565427
0.999984 -0.000781 0.005558 0.006888 0.000778 1.000000 0.000497 -0.003098 -0.005558 -0.000493 0.999984 -0.565147
0.999976 0.001817 0.006650 0.002597 -0.001811 0.999998 -0.000799 -0.006169 -0.006651 0.000787 0.999978 -0.576669
0.999968 -0.001353 0.007905 0.006493 0.001353 0.999999 0.000021 -0.006872 -0.007905 -0.000011 0.999969 -0.575688
0.999963 0.001232 0.008569 0.004834 -0.001215 0.999997 -0.002032 -0.004178 -0.008572 0.002022 0.999961 -0.582768
0.999951 -0.002782 0.009454 0.009944 0.002792 0.999996 -0.000991 -0.000524 -0.009451 0.001017 0.999955 -0.591819
0.999950 -0.000201 0.009993 0.010016 0.000206 1.000000 -0.000454 -0.003879 -0.009993 0.000456 0.999950 -0.601715
0.999937 -0.004585 0.010285 0.014115 0.004555 0.999985 0.002922 -0.007749 -0.010298 -0.002875 0.999943 -0.605618
0.999947 -0.002467 0.010019 0.013922 0.002451 0.999996 0.001659 -0.009895 -0.010023 -0.001634 0.999948 -0.617941
0.999929 -0.003171 0.011475 0.013013 0.003149 0.999993 0.001986 -0.007702 -0.011481 -0.001950 0.999932 -0.627642
0.999942 -0.000332 0.010777 0.010296 0.000313 0.999998 0.001715 -0.007062 -0.010778 -0.001711 0.999940 -0.641804
0.999942 -0.002164 0.010557 0.011891 0.002162 0.999998 0.000181 -0.008148 -0.010558 -0.000158 0.999944 -0.651357
0.999941 0.000234 0.010814 0.011899 -0.000240 1.000000 0.000495 -0.009775 -0.010814 -0.000498 0.999941 -0.660980
0.999934 -0.003217 0.011009 0.014981 0.003217 0.999995 0.000088 -0.012802 -0.011009 -0.000052 0.999939 -0.679030
0.999938 0.001493 0.011052 0.008888 -0.001441 0.999988 -0.004673 -0.008228 -0.011059 0.004656 0.999928 -0.694293
0.999927 0.004621 0.011129 0.002606 -0.004556 0.999972 -0.005866 -0.005307 -0.011155 0.005814 0.999921 -0.702867
0.999931 0.002578 0.011427 0.005329 -0.002535 0.999990 -0.003753 -0.002882 -0.011436 0.003724 0.999928 -0.713912
0.999939 0.000297 0.011002 0.008973 -0.000260 0.999994 -0.003335 -0.007093 -0.011003 0.003332 0.999934 -0.731505
0.999928 0.006909 0.009764 0.000608 -0.006911 0.999976 0.000172 -0.011687 -0.009763 -0.000239 0.999952 -0.743328
0.999933 0.007415 0.008845 -0.003178 -0.007389 0.999968 -0.003016 -0.011801 -0.008867 0.002951 0.999956 -0.754242
0.999923 0.010230 0.006998 -0.007791 -0.010187 0.999929 -0.006162 -0.006814 -0.007061 0.006090 0.999957 -0.773683
0.999955 0.005934 0.007429 -0.003034 -0.005916 0.999980 -0.002365 -0.003382 -0.007443 0.002321 0.999970 -0.777422
0.999967 0.002481 0.007758 0.002018 -0.002489 0.999996 0.001070 -0.000479 -0.007756 -0.001089 0.999969 -0.773545
0.999963 0.002990 0.008063 0.000928 -0.003055 0.999963 0.007994 -0.011731 -0.008039 -0.008018 0.999936 -0.778732
0.999961 0.004332 0.007669 -0.003254 -0.004382 0.999969 0.006582 -0.014673 -0.007640 -0.006615 0.999949 -0.766366
0.999981 -0.001239 0.006038 0.005788 0.001229 0.999998 0.001769 -0.011052 -0.006040 -0.001762 0.999980 -0.778633
0.999964 -0.006663 0.005337 0.014591 0.006669 0.999977 -0.001220 -0.004290 -0.005329 0.001256 0.999985 -0.766471
0.999970 -0.006135 0.004772 0.016719 0.006130 0.999981 0.001141 -0.001659 -0.004779 -0.001112 0.999988 -0.761815
0.999990 -0.000402 0.004511 0.006754 0.000387 0.999995 0.003257 -0.004655 -0.004513 -0.003256 0.999985 -0.755167
0.999985 -0.002736 0.004710 0.009395 0.002720 0.999991 0.003318 -0.007078 -0.004719 -0.003305 0.999983 -0.747102
0.999988 -0.002660 0.004064 0.010808 0.002652 0.999994 0.002044 -0.004845 -0.004069 -0.002033 0.999990 -0.736389
0.999990 -0.000645 0.004461 0.007941 0.000655 0.999998 -0.002060 -0.003431 -0.004460 0.002063 0.999988 -0.736325
0.999989 0.001684 0.004456 0.004492 -0.001673 0.999995 -0.002647 -0.005179 -0.004461 0.002639 0.999987 -0.732528
0.999992 0.000192 0.003901 0.004459 -0.000180 0.999995 -0.003067 0.000402 -0.003901 0.003067 0.999988 -0.714794
0.999992 -0.000509 0.003968 0.012108 0.000515 0.999999 -0.001407 0.000824 -0.003968 0.001409 0.999991 -0.714545
0.999991 -0.001573 0.003992 0.007315 0.001569 0.999998 0.001028 -0.001339 -0.003994 -0.001022 0.999992 -0.699181
0.999994 0.001350 0.003094 0.003639 -0.001353 0.999998 0.001238 -0.003916 -0.003092 -0.001242 0.999994 -0.686487
0.999994 0.002453 0.002351 0.000533 -0.002451 0.999997 -0.000896 -0.004505 -0.002353 0.000890 0.999997 -0.681643
0.999996 0.002274 0.001940 -0.001245 -0.002274 0.999997 -0.000213 -0.002139 -0.001940 0.000208 0.999998 -0.670166
0.999997 -0.000945 0.002194 0.005235 0.000947 0.999999 -0.000642 -0.001163 -0.002193 0.000644 0.999997 -0.657304
0.999996 0.001787 0.002107 0.003796 -0.001787 0.999998 0.000195 -0.002672 -0.002106 -0.000199 0.999998 -0.651589
0.999995 -0.000125 0.003031 0.003569 0.000119 0.999998 0.001927 -0.005705 -0.003031 -0.001927 0.999994 -0.638551
0.999990 0.003341 0.003010 0.000514 -0.003346 0.999993 0.001699 -0.002988 -0.003004 -0.001709 0.999994 -0.633908
0.999992 0.002055 0.003344 0.000872 -0.002056 0.999998 0.000343 -0.002186 -0.003343 -0.000350 0.999994 -0.623658
0.999988 0.003463 0.003368 0.000843 -0.003463 0.999994 -0.000117 -0.004620 -0.003369 0.000105 0.999994 -0.614537
0.999991 0.001801 0.003741 0.000328 -0.001800 0.999998 -0.000076 -0.003187 -0.003741 0.000070 0.999993 -0.603313
0.999993 0.001297 0.003643 0.003545 -0.001298 0.999999 0.000196 -0.001293 -0.003642 -0.000200 0.999993 -0.596559
0.999992 0.000947 0.003884 0.003158 -0.000946 0.999999 -0.000392 -0.000785 -0.003884 0.000388 0.999992 -0.586263
0.999991 0.002002 0.003821 0.003080 -0.002004 0.999998 0.000521 -0.003670 -0.003820 -0.000529 0.999993 -0.585710
0.999989 -0.000040 0.004586 0.004928 0.000034 0.999999 0.001431 -0.002803 -0.004586 -0.001430 0.999988 -0.578094
0.999986 0.002382 0.004814 0.000505 -0.002390 0.999996 0.001550 -0.002279 -0.004810 -0.001562 0.999987 -0.574676
0.999983 -0.001770 0.005554 0.008861 0.001754 0.999994 0.002876 -0.001829 -0.005559 -0.002866 0.999980 -0.573046
0.999975 -0.002944 0.006479 0.011872 0.002911 0.999983 0.005093 -0.004075 -0.006494 -0.005074 0.999966 -0.568371
0.999964 -0.004550 0.007181 0.014753 0.004510 0.999974 0.005541 -0.007504 -0.007206 -0.005508 0.999959 -0.566520
0.999963 -0.004383 0.007469 0.016930 0.004348 0.999979 0.004714 -0.008665 -0.007489 -0.004682 0.999961 -0.567613
0.999966 -0.002732 0.007807 0.012725 0.002704 0.999990 0.003557 -0.009983 -0.007817 -0.003536 0.999963 -0.570440
0.999970 -0.003353 0.006955 0.012325 0.003365 0.999993 -0.001713 -0.009924 -0.006950 0.001736 0.999974 -0.585302
0.999957 -0.005811 0.007282 0.011672 0.005845 0.999972 -0.004716 -0.004030 -0.007255 0.004758 0.999962 -0.587593
0.999957 -0.005501 0.007475 0.016833 0.005549 0.999964 -0.006349 -0.003303 -0.007440 0.006391 0.999952 -0.601891
0.999956 -0.005566 0.007604 0.017353 0.005609 0.999968 -0.005716 -0.000371 -0.007572 0.005758 0.999955 -0.612243
0.999969 -0.001836 0.007604 0.012092 0.001864 0.999992 -0.003582 -0.002367 -0.007597 0.003596 0.999965 -0.618617
0.999957 -0.004373 0.008126 0.012458 0.004361 0.999989 0.001433 -0.006313 -0.008132 -0.001398 0.999966 -0.621445
0.999965 -0.003102 0.007785 0.014296 0.003082 0.999992 0.002592 -0.007204 -0.007793 -0.002567 0.999966 -0.633248
0.999968 -0.002114 0.007729 0.012918 0.002094 0.999994 0.002599 -0.009275 -0.007734 -0.002583 0.999967 -0.646358
0.999967 -0.001524 0.007931 0.012920 0.001512 0.999998 0.001541 -0.010550 -0.007934 -0.001529 0.999967 -0.664543
0.999964 -0.002302 0.008111 0.013899 0.002305 0.999997 -0.000441 -0.010771 -0.008110 0.000460 0.999967 -0.679770
0.999950 -0.005408 0.008373 0.018643 0.005419 0.999985 -0.001226 -0.007497 -0.008366 0.001271 0.999964 -0.694068
0.999961 0.000461 0.008861 0.010202 -0.000441 0.999997 -0.002258 -0.007292 -0.008862 0.002254 0.999958 -0.709495
0.999955 0.000699 0.009442 0.008848 -0.000679 0.999998 -0.002073 -0.007198 -0.009443 0.002067 0.999953 -0.721729
0.999956 0.000238 0.009426 0.011849 -0.000240 1.000000 0.000210 -0.007071 -0.009426 -0.000212 0.999956 -0.733333
0.999942 -0.003954 0.010062 0.018334 0.003954 0.999992 -0.000053 -0.006207 -0.010062 0.000093 0.999949 -0.743928
0.999949 0.000071 0.010058 0.013548 -0.000079 1.000000 0.000861 -0.011313 -0.010058 -0.000862 0.999949 -0.759330
0.999958 -0.001222 0.009106 0.011628 0.001222 0.999999 -0.000004 -0.012012 -0.009106 0.000015 0.999959 -0.769909
0.999978 0.000631 0.006617 0.010903 -0.000625 0.999999 -0.000933 -0.008053 -0.006617 0.000929 0.999978 -0.788859
0.999987 0.001628 0.004827 0.007858 -0.001625 0.999999 -0.000510 -0.007396 -0.004828 0.000502 0.999988 -0.799496
0.999982 0.003977 0.004437 0.004666 -0.003976 0.999992 -0.000147 -0.008884 -0.004438 0.000129 0.999990 -0.811420
0.999975 0.005720 0.004118 -0.000907 -0.005719 0.999984 -0.000156 -0.009247 -0.004118 0.000133 0.999992 -0.823652
0.999958 0.008213 0.004132 -0.003929 -0.008207 0.999965 -0.001433 -0.007774 -0.004144 0.001399 0.999990 -0.839946
0.999970 0.006260 0.004580 -0.003606 -0.006249 0.999978 -0.002347 -0.008574 -0.004595 0.002318 0.999987 -0.850788
0.999976 0.005801 0.003862 -0.002153 -0.005792 0.999981 -0.002151 -0.006847 -0.003875 0.002129 0.999990 -0.858474
0.999990 0.000652 0.004330 0.009950 -0.000646 0.999999 -0.001499 -0.005528 -0.004331 0.001496 0.999990 -0.864927
0.999991 -0.000407 0.004148 0.007582 0.000399 0.999998 0.001742 -0.008834 -0.004149 -0.001741 0.999990 -0.867527
0.999974 -0.005226 0.004931 0.012611 0.005217 0.999985 0.001725 -0.011475 -0.004940 -0.001699 0.999986 -0.865759
0.999972 -0.006063 0.004400 0.018192 0.006065 0.999981 -0.000480 -0.011310 -0.004397 0.000507 0.999990 -0.876217
0.999992 0.000313 0.004044 0.009514 -0.000296 0.999991 -0.004128 -0.008488 -0.004045 0.004126 0.999983 -0.894141
0.999983 -0.002854 0.005003 0.014525 0.002885 0.999976 -0.006283 -0.005168 -0.004985 0.006298 0.999968 -0.904180
0.999988 0.001048 0.004772 0.007838 -0.001015 0.999977 -0.006746 -0.002217 -0.004779 0.006741 0.999966 -0.907037
0.999978 0.002420 0.006147 0.003774 -0.002400 0.999992 -0.003260 -0.001981 -0.006154 0.003245 0.999976 -0.907679
0.999963 0.006173 0.005950 -0.001486 -0.006183 0.999980 0.001574 -0.005945 -0.005940 -0.001611 0.999981 -0.906083
0.999920 0.010913 0.006373 -0.007059 -0.010952 0.999921 0.006116 -0.010186 -0.006306 -0.006185 0.999961 -0.901485
0.999957 0.006082 0.006945 -0.003199 -0.006140 0.999947 0.008290 -0.013425 -0.006894 -0.008332 0.999942 -0.899180
0.999965 0.003561 0.007637 0.000215 -0.003592 0.999986 0.003996 -0.014462 -0.007622 -0.004023 0.999963 -0.910153
0.999962 0.003050 0.008136 0.002057 -0.003023 0.999990 -0.003275 -0.010066 -0.008146 0.003250 0.999962 -0.926668
0.999954 0.005131 0.008147 -0.002724 -0.005108 0.999983 -0.002787 -0.002276 -0.008161 0.002745 0.999963 -0.933002
0.999960 0.005039 0.007444 -0.002264 -0.005043 0.999987 0.000563 -0.006280 -0.007441 -0.000600 0.999972 -0.924542
0.999974 0.002780 0.006671 -0.001009 -0.002819 0.999979 0.005802 -0.012760 -0.006654 -0.005821 0.999961 -0.928202
0.999985 -0.000133 0.005506 0.004661 0.000125 0.999999 0.001629 -0.013644 -0.005506 -0.001628 0.999984 -0.932445
0.999986 0.002853 0.004501 0.001736 -0.002847 0.999995 -0.001254 -0.007281 -0.004504 0.001241 0.999989 -0.935177
0.999987 0.003764 0.003508 -0.002938 -0.003749 0.999984 -0.004352 -0.003385 -0.003524 0.004338 0.999984 -0.941198
0.999992 0.003538 0.002014 -0.007125 -0.003532 0.999990 -0.002707 -0.005066 -0.002024 0.002699 0.999994 -0.939368
0.999993 0.003644 0.000868 -0.003464 -0.003642 0.999989 -0.002935 -0.005233 -0.000878 0.002932 0.999995 -0.940187
1.000000 0.000407 0.000718 -0.004074 -0.000407 0.999999 -0.001179 -0.005689 -0.000718 0.001179 0.999999 -0.935364
0.999999 -0.001116 0.000114 0.001506 0.001116 0.999999 -0.000770 -0.006035 -0.000113 0.000770 1.000000 -0.940698
0.999999 -0.001136 -0.000508 0.004250 0.001137 0.999998 0.001599 -0.007984 0.000507 -0.001600 0.999999 -0.939913
0.999991 -0.003909 -0.001447 0.007821 0.003911 0.999992 0.001304 -0.007844 0.001442 -0.001309 0.999998 -0.941000
0.999992 -0.003264 -0.002423 0.006998 0.003268 0.999993 0.001726 -0.007339 0.002417 -0.001734 0.999996 -0.944399
0.999988 -0.004125 -0.002585 0.009782 0.004123 0.999991 -0.000573 -0.006466 0.002587 0.000563 0.999996 -0.940912
0.999993 -0.002190 -0.003104 0.005899 0.002188 0.999997 -0.000526 -0.004970 0.003106 0.000520 0.999995 -0.939139
0.999995 -0.000600 -0.003151 0.004572 0.000594 0.999998 -0.001977 -0.004784 0.003152 0.001975 0.999993 -0.942834
0.999993 -0.001094 -0.003473 0.005475 0.001082 0.999994 -0.003283 -0.001999 0.003476 0.003279 0.999989 -0.937519
0.999984 0.003976 -0.004111 0.000256 -0.003983 0.999990 -0.001809 -0.000023 0.004104 0.001826 0.999990 -0.939293
0.999992 -0.000722 -0.003911 0.004022 0.000743 0.999986 0.005183 -0.001155 0.003907 -0.005186 0.999979 -0.930066
0.999973 -0.005779 -0.004620 0.011694 0.005819 0.999945 0.008712 -0.011061 0.004569 -0.008738 0.999951 -0.918842
0.999986 -0.002700 -0.004525 0.007280 0.002729 0.999975 0.006552 -0.013394 0.004507 -0.006564 0.999968 -0.915749
0.999987 -0.001694 -0.004727 0.004210 0.001674 0.999990 -0.004163 -0.006272 0.004734 0.004155 0.999980 -0.914450
0.999982 -0.003226 -0.005035 0.010252 0.003197 0.999978 -0.005835 0.002169 0.005054 0.005819 0.999970 -0.919677
0.999988 -0.001983 -0.004587 0.006664 0.001961 0.999986 -0.004847 -0.000788 0.004596 0.004838 0.999978 -0.909982
0.999990 0.000323 -0.004443 0.003945 -0.000322 1.000000 0.000143 -0.002411 0.004443 -0.000141 0.999990 -0.913042
0.999990 0.001793 -0.004042 -0.002141 -0.001797 0.999998 -0.000847 -0.002374 0.004040 0.000854 0.999991 -0.920888
0.999984 0.003818 -0.004089 -0.005418 -0.003808 0.999990 0.002311 -0.003268 0.004098 -0.002295 0.999989 -0.903756
0.999983 0.003426 -0.004795 -0.004873 -0.003417 0.999992 0.002002 -0.005826 0.004802 -0.001986 0.999986 -0.901680
0.999982 0.002705 -0.005286 -0.002238 -0.002688 0.999991 0.003227 -0.007112 0.005295 -0.003212 0.999981 -0.898038
0.999987 -0.000542 -0.005163 0.000133 0.000541 1.000000 -0.000224 -0.007120 0.005163 0.000221 0.999987 -0.902986
0.999984 -0.002344 -0.005079 0.000825 0.002343 0.999997 -0.000159 -0.004065 0.005080 0.000148 0.999987 -0.904003
0.999978 0.000513 -0.006575 -0.000389 -0.000514 1.000000 -0.000150 -0.006078 0.006575 0.000154 0.999978 -0.901058
0.999969 -0.003009 -0.007273 0.005536 0.003016 0.999995 0.000924 -0.008291 0.007270 -0.000946 0.999973 -0.908327
0.999959 -0.004586 -0.007871 0.007763 0.004630 0.999973 0.005669 -0.007713 0.007845 -0.005705 0.999953 -0.897688
0.999964 -0.003216 -0.007825 0.008118 0.003252 0.999984 0.004566 -0.013774 0.007810 -0.004591 0.999959 -0.909008
0.999966 -0.000239 -0.008224 0.004874 0.000262 0.999996 0.002846 -0.015763 0.008223 -0.002848 0.999962 -0.916492
0.999964 -0.001191 -0.008427 0.002870 0.001121 0.999965 -0.008348 -0.008482 0.008437 0.008338 0.999930 -0.932146
0.999944 -0.006413 -0.008421 0.011564 0.006325 0.999925 -0.010449 -0.000861 0.008488 0.010396 0.999910 -0.938289
0.999958 0.000234 -0.009131 0.004639 -0.000289 0.999982 -0.006033 0.000449 0.009129 0.006035 0.999940 -0.933023
0.999950 -0.005120 -0.008585 0.004454 0.005096 0.999983 -0.002758 -0.006459 0.008599 0.002714 0.999959 -0.937833
0.999948 0.000954 -0.010193 0.006080 -0.000928 0.999996 0.002578 -0.010435 0.010195 -0.002569 0.999945 -0.941935
0.999949 0.005370 -0.008522 -0.004470 -0.005337 0.999978 0.003939 -0.006005 0.008543 -0.003894 0.999956 -0.940471
0.999962 0.000687 -0.008659 -0.000245 -0.000592 0.999939 0.011068 -0.014711 0.008666 -0.011062 0.999901 -0.929188
0.999950 0.003274 -0.009468 0.000247 -0.003238 0.999988 0.003763 -0.016021 0.009480 -0.003732 0.999948 -0.938680
0.999959 0.002290 -0.008758 -0.001008 -0.002323 0.999990 -0.003695 -0.005238 0.008750 0.003715 0.999955 -0.947555
0.999953 0.003547 -0.009025 -0.004200 -0.003589 0.999983 -0.004674 -0.001361 0.009008 0.004706 0.999948 -0.953051
0.999965 -0.000084 -0.008416 0.001170 0.000075 1.000000 -0.000963 -0.002904 0.008416 0.000962 0.999964 -0.936965
0.999963 -0.002153 -0.008383 0.008357 0.002158 0.999997 0.000630 -0.005587 0.008382 -0.000648 0.999965 -0.931098
0.999962 0.004403 -0.007525 0.001029 -0.004403 0.999990 0.000113 -0.005219 0.007525 -0.000080 0.999972 -0.916076
0.999969 0.004701 -0.006366 -0.004994 -0.004727 0.999980 -0.004084 -0.000739 0.006347 0.004114 0.999971 -0.915211
0.999983 -0.000027 -0.005845 0.002301 0.000009 0.999995 -0.003072 0.001600 0.005845 0.003072 0.999978 -0.901297
0.999986 -0.001799 -0.005026 0.003918 0.001787 0.999995 -0.002465 0.000307 0.005030 0.002456 0.999984 -0.891143
0.999984 -0.000704 -0.005658 0.004947 0.000717 0.999997 0.002335 -0.004160 0.005656 -0.002339 0.999981 -0.882168
0.999990 0.000942 -0.004314 0.000777 -0.000926 0.999993 0.003725 -0.002677 0.004318 -0.003721 0.999984 -0.863249
0.999993 -0.000957 -0.003735 0.005806 0.000981 0.999979 0.006450 -0.008518 0.003729 -0.006453 0.999972 -0.862338
0.999990 -0.002470 -0.003816 0.007686 0.002476 0.999996 0.001665 -0.008298 0.003811 -0.001674 0.999991 -0.855625
0.999995 0.000402 -0.003094 0.003198 -0.000419 0.999985 -0.005442 -0.003109 0.003092 0.005443 0.999980 -0.856066
0.999991 0.003172 -0.002767 -0.001983 -0.003193 0.999965 -0.007701 0.005405 0.002743 0.007710 0.999967 -0.849074
