1.000000 0.000000 0.000000 0.000000 0.000000 1.000000 0.000000 0.000000 0.000000 0.000000 1.000000 0.000000
1.000000 0.000693 0.000268 0.004464 -0.000692 0.999998 -0.001676 0.021464 -0.000270 0.001676 0.999999 -1.327981
0.999999 0.001212 0.000524 0.004317 -0.001212 0.999999 -0.000144 0.022634 -0.000525 0.000143 1.000000 -1.330760
0.999999 0.001329 0.000176 0.004617 -0.001329 0.999999 0.001009 0.019136 -0.000175 -0.001009 0.999999 -1.319675
1.000000 0.000249 -0.000071 0.007435 -0.000249 1.000000 -0.000063 0.018735 0.000071 0.000063 1.000000 -1.326562
1.000000 0.000582 0.000078 0.006340 -0.000582 0.999999 -0.000882 0.020752 -0.000078 0.000882 1.000000 -1.337775
0.999999 0.001639 0.000013 0.002360 -0.001639 0.999998 -0.001269 0.022070 -0.000015 0.001268 0.999999 -1.339717
1.000000 -0.000310 0.000400 0.003600 0.000311 1.000000 -0.000564 0.021883 -0.000400 0.000564 1.000000 -1.328849
1.000000 -0.000649 0.000588 0.004080 0.000648 0.999998 0.001774 0.019124 -0.000589 -0.001774 0.999998 -1.342374
0.999997 -0.002566 0.000258 0.005321 0.002565 0.999994 0.002111 0.018410 -0.000264 -0.002110 0.999998 -1.344313
0.999995 -0.003196 -0.000156 0.010249 0.003196 0.999995 0.000846 0.018061 0.000153 -0.000846 1.000000 -1.344834
0.999998 -0.002202 0.000077 0.010474 0.002202 0.999998 0.000042 0.019772 -0.000077 -0.000042 1.000000 -1.354172
1.000000 -0.000946 -0.000028 0.008368 0.000946 0.999999 -0.000994 0.021588 0.000029 0.000994 1.000000 -1.349163
0.999997 0.002463 -0.000351 0.005804 -0.002464 0.999993 -0.002769 0.021848 0.000345 0.002770 0.999996 -1.357698
0.999991 0.004161 -0.000053 0.000920 -0.004161 0.999990 -0.001865 0.024012 0.000045 0.001865 0.999998 -1.356779
0.999997 0.002233 0.000257 0.004561 -0.002234 0.999995 0.002401 0.017789 -0.000251 -0.002402 0.999997 -1.362336
0.999999 0.001053 0.000025 0.004864 -0.001053 0.999997 0.002027 0.016040 -0.000023 -0.002027 0.999998 -1.356705
0.999997 -0.002253 -0.000669 0.010952 0.002254 0.999996 0.001582 0.019024 0.000665 -0.001583 0.999999 -1.369885
0.999996 -0.002553 -0.000742 0.010798 0.002552 0.999995 -0.002052 0.018725 0.000747 0.002050 0.999998 -1.376541
1.000000 -0.000371 -0.000344 0.006552 0.000370 0.999993 -0.003654 0.024552 0.000346 0.003654 0.999993 -1.375860
0.999997 0.002534 -0.000298 0.001980 -0.002534 0.999995 -0.002054 0.022096 0.000293 0.002055 0.999998 -1.381428
0.999991 0.004095 0.000692 -0.002349 -0.004096 0.999990 0.001800 0.020664 -0.000685 -0.001803 0.999998 -1.372635
1.000000 0.000443 0.000176 0.003316 -0.000443 0.999998 0.002187 0.019727 -0.000175 -0.002187 0.999998 -1.371856
1.000000 0.000273 -0.000655 0.005913 -0.000271 0.999997 0.002460 0.018428 0.000656 -0.002460 0.999997 -1.386081
0.999995 -0.003213 -0.000552 0.010307 0.003214 0.999995 0.000610 0.021453 0.000550 -0.000611 1.000000 -1.378721
1.000000 -0.000678 -0.000321 0.007936 0.000679 0.999998 0.002060 0.019097 0.000320 -0.002060 0.999998 -1.379292
1.000000 -0.000923 -0.000120 0.007805 0.000923 0.999999 -0.000657 0.020303 0.000121 0.000657 1.000000 -1.387023
1.000000 -0.000017 0.000055 0.007499 0.000017 0.999999 -0.001289 0.022255 -0.000055 0.001289 0.999999 -1.394741
0.999999 -0.001172 0.000243 0.008478 0.001172 0.999998 -0.001639 0.022530 -0.000242 0.001639 0.999999 -1.394770
0.999996 -0.002793 -0.000169 0.012496 0.002793 0.999996 -0.000397 0.022089 0.000170 0.000397 1.000000 -1.405034
0.999997 -0.002460 -0.000304 0.010657 0.002460 0.999997 0.000246 0.022715 0.000303 -0.000247 1.000000 -1.403171
0.999997 -0.002367 0.000045 0.010726 0.002367 0.999997 -0.000590 0.023136 -0.000044 0.000590 1.000000 -1.401404
1.000000 -0.000845 0.000329 0.007590 0.000845 1.000000 -0.000148 0.022878 -0.000329 0.000148 1.000000 -1.406487
1.000000 0.000677 0.000332 0.009205 -0.000677 1.000000 0.000037 0.022316 -0.000332 -0.000037 1.000000 -1.404181
1.000000 0.000681 0.000625 0.007756 -0.000681 1.000000 0.000333 0.021758 -0.000624 -0.000334 1.000000 -1.403559
0.999999 0.000591 0.000879 0.005012 -0.000591 1.000000 -0.000306 0.022404 -0.000880 0.000306 1.000000 -1.418219
0.999999 -0.000387 0.000971 0.007208 0.000388 0.999999 -0.001220 0.023254 -0.000971 0.001221 0.999999 -1.412431
0.999999 -0.000545 0.000979 0.008555 0.000544 1.000000 0.000323 0.022689 -0.000980 -0.000323 0.999999 -1.419591
0.999999 -0.000350 0.001016 0.009592 0.000350 1.000000 -0.000504 0.022156 -0.001016 0.000504 0.999999 -1.422163
1.000000 -0.000004 0.000951 0.007790 0.000005 0.999999 -0.001057 0.024035 -0.000951 0.001057 0.999999 -1.430956
0.999999 0.001574 0.000634 0.004120 -0.001573 0.999998 -0.000946 0.024177 -0.000635 0.000945 0.999999 -1.440940
0.999999 0.001331 0.000457 0.003977 -0.001331 0.999999 -0.000226 0.024358 -0.000457 0.000225 1.000000 -1.440233
0.999997 0.002515 0.000449 0.005080 -0.002515 0.999997 0.000575 0.023293 -0.000448 -0.000576 1.000000 -1.420294
0.999999 0.001145 0.000042 0.005402 -0.001145 0.999999 -0.000405 0.024503 -0.000042 0.000405 1.000000 -1.425453
0.999999 0.001460 -0.000416 0.005118 -0.001461 0.999999 -0.000769 0.025512 0.000415 0.000769 1.000000 -1.423638
0.999999 0.001246 -0.000497 0.005371 -0.001246 0.999999 -0.000760 0.025784 0.000496 0.000761 1.000000 -1.420558
0.999998 0.001933 -0.000496 0.003147 -0.001933 0.999998 0.000250 0.025984 0.000496 -0.000249 1.000000 -1.420897
0.999998 0.002049 -0.000293 0.003347 -0.002049 0.999998 0.000677 0.023613 0.000294 -0.000676 1.000000 -1.423140
1.000000 -0.000539 -0.000651 0.007374 0.000539 1.000000 0.000325 0.024652 0.000651 -0.000325 1.000000 -1.424700
0.999999 -0.001304 -0.000784 0.009462 0.001304 0.999999 0.000174 0.023601 0.000784 -0.000175 1.000000 -1.429097
0.999994 -0.003347 -0.000631 0.012759 0.003346 0.999993 -0.001393 0.027846 0.000636 0.001390 0.999999 -1.389249
0.999995 -0.003082 -0.000884 0.017749 0.003080 0.999994 -0.001356 0.024053 0.000889 0.001353 0.999999 -1.402180
0.999992 -0.003945 -0.000827 0.017754 0.003945 0.999992 -0.000517 0.024527 0.000830 0.000514 1.000000 -1.389737
0.999991 -0.004178 -0.000697 0.017579 0.004178 0.999991 0.000288 0.023178 0.000695 -0.000290 1.000000 -1.397374
0.999995 -0.002957 -0.000710 0.017955 0.002957 0.999995 0.000564 0.021898 0.000709 -0.000566 1.000000 -1.391552
0.999998 -0.001721 -0.000792 0.015614 0.001721 0.999999 0.000097 0.023257 0.000792 -0.000098 1.000000 -1.393714
1.000000 0.000074 -0.000364 0.012807 -0.000074 1.000000 -0.000392 0.022871 0.000364 0.000392 1.000000 -1.382472
0.999999 0.001197 -0.000175 0.010036 -0.001197 0.999999 0.000297 0.022599 0.000175 -0.000296 1.000000 -1.386776
0.999999 0.001342 0.000060 0.008679 -0.001342 0.999999 0.000850 0.023535 -0.000059 -0.000850 1.000000 -1.376387
1.000000 0.000683 0.000319 0.007934 -0.000683 1.000000 0.000009 0.023220 -0.000319 -0.000010 1.000000 -1.379904
1.000000 0.000294 0.000229 0.009097 -0.000294 1.000000 -0.000245 0.023902 -0.000229 0.000245 1.000000 -1.375032
1.000000 0.000459 0.000448 0.010737 -0.000459 1.000000 0.000467 0.020949 -0.000448 -0.000467 1.000000 -1.384383
1.000000 0.000271 0.000627 0.011918 -0.000271 1.000000 -0.000357 0.021059 -0.000627 0.000357 1.000000 -1.378338
0.999999 0.001112 0.000962 0.011253 -0.001111 0.999999 -0.000866 0.019888 -0.000963 0.000864 0.999999 -1.389307
0.999996 0.002530 0.001041 0.007781 -0.002529 0.999996 -0.000961 0.021685 -0.001043 0.000959 0.999999 -1.397460
0.999997 0.002314 0.001185 0.005124 -0.002313 0.999997 -0.000486 0.023652 -0.001186 0.000484 0.999999 -1.354950
0.999998 0.002097 0.000632 0.006487 -0.002097 0.999998 0.000010 0.022939 -0.000632 -0.000011 1.000000 -1.375159
0.999999 0.001472 0.000390 0.006529 -0.001472 0.999999 0.000489 0.023281 -0.000389 -0.000489 1.000000 -1.373686
0.999999 0.001040 0.000137 0.008297 -0.001040 0.999999 0.000363 0.023617 -0.000137 -0.000363 1.000000 -1.362429
1.000000 -0.000409 0.000096 0.008121 0.000409 1.000000 0.000536 0.023862 -0.000096 -0.000536 1.000000 -1.343696
1.000000 0.000249 -0.000116 0.007717 -0.000249 1.000000 0.000422 0.024498 0.000116 -0.000422 1.000000 -1.343348
0.999999 -0.001022 -0.000178 0.011214 0.001022 0.999999 0.000678 0.023833 0.000177 -0.000678 1.000000 -1.343005
0.999999 -0.001167 -0.000350 0.012184 0.001167 0.999999 -0.000452 0.023530 0.000351 0.000452 1.000000 -1.346738
1.000000 -0.000605 -0.000329 0.012361 0.000605 0.999999 -0.001543 0.025263 0.000330 0.001543 0.999999 -1.339394
0.999999 -0.001274 -0.000141 0.011714 0.001274 0.999998 -0.001391 0.027251 0.000142 0.001391 0.999999 -1.334330
1.000000 0.000813 -0.000084 0.005403 -0.000813 0.999999 0.001297 0.025903 0.000085 -0.001297 0.999999 -1.335162
1.000000 -0.000054 -0.000233 0.010099 0.000055 0.999997 0.002316 0.021538 0.000233 -0.002316 0.999997 -1.323819
1.000000 0.000812 0.000164 0.006348 -0.000812 0.999999 0.001083 0.021636 -0.000163 -0.001083 0.999999 -1.325164
0.999998 0.002158 -0.000198 0.006894 -0.002159 0.999997 -0.001249 0.024378 0.000195 0.001249 0.999999 -1.322383
0.999997 0.002474 -0.000756 0.008330 -0.002476 0.999995 -0.002056 0.024525 0.000751 0.002058 0.999998 -1.324338
0.999998 0.001637 -0.000960 0.006033 -0.001637 0.999998 -0.000601 0.024007 0.000959 0.000602 0.999999 -1.341435
0.999999 0.000696 -0.001015 0.010492 -0.000694 0.999999 0.001425 0.021341 0.001016 -0.001424 0.999998 -1.328030
0.999998 -0.001678 -0.000685 0.007428 0.001679 0.999996 0.002141 0.021156 0.000682 -0.002142 0.999997 -1.338640
0.999997 -0.002175 -0.001282 0.012400 0.002178 0.999995 0.002137 0.018572 0.001277 -0.002139 0.999997 -1.333311
0.999994 -0.003183 -0.001486 0.014408 0.003183 0.999995 -0.000052 0.020154 0.001486 0.000047 0.999999 -1.327104
0.999998 -0.001375 -0.001614 0.014278 0.001372 0.999997 -0.001917 0.022169 0.001617 0.001914 0.999997 -1.349433
0.999999 -0.000208 -0.001118 0.009589 0.000206 0.999998 -0.002179 0.023188 0.001119 0.002179 0.999997 -1.343476
0.999999 0.000624 -0.000845 0.005659 -0.000625 1.000000 -0.000487 0.022949 0.000844 0.000487 1.000000 -1.342838
0.999999 -0.000390 -0.001080 0.008361 0.000391 1.000000 0.000586 0.020684 0.001080 -0.000586 0.999999 -1.336180
0.999997 -0.001956 -0.001278 0.010613 0.001956 0.999998 0.000579 0.020599 0.001277 -0.000581 0.999999 -1.330489
0.999997 -0.001938 -0.001252 0.011388 0.001938 0.999998 0.000362 0.020939 0.001251 -0.000364 0.999999 -1.341762
0.999999 -0.000675 -0.001219 0.011345 0.000676 0.999999 0.001053 0.020468 0.001218 -0.001054 0.999999 -1.331516
0.999999 -0.001027 -0.001065 0.011467 0.001028 0.999999 0.000819 0.019543 0.001064 -0.000820 0.999999 -1.337797
0.999999 0.001015 -0.001102 0.010328 -0.001014 0.999999 0.000270 0.018732 0.001103 -0.000269 0.999999 -1.352519
0.999999 0.000470 -0.000982 0.012587 -0.000471 0.999999 -0.000977 0.019912 0.000981 0.000977 0.999999 -1.352082
0.999999 0.001351 -0.000941 0.010236 -0.001351 0.999999 -0.000796 0.021388 0.000940 0.000797 0.999999 -1.351133
1.000000 0.000690 -0.000402 0.011122 -0.000690 1.000000 -0.000179 0.020181 0.000402 0.000179 1.000000 -1.348136
0.999998 0.002214 -0.000074 0.007683 -0.002214 0.999998 -0.000062 0.020853 0.000074 0.000063 1.000000 -1.342701
0.999999 0.001479 0.000169 0.007957 -0.001479 0.999999 -0.000652 0.022083 -0.000170 0.000652 1.000000 -1.343922
0.999999 0.001531 0.000555 0.007481 -0.001532 0.999999 0.000358 0.022950 -0.000555 -0.000359 1.000000 -1.329046
0.999999 0.001215 0.001027 0.012182 -0.001215 0.999999 0.000087 0.020436 -0.001027 -0.000089 0.999999 -1.334700
0.999999 0.001370 0.001040 0.009878 -0.001369 0.999999 -0.000940 0.022076 -0.001042 0.000939 0.999999 -1.337677
0.999998 0.001573 0.000996 0.010175 -0.001572 0.999999 -0.000180 0.022013 -0.000996 0.000178 0.999999 -1.328797
0.999999 0.000435 0.001219 0.009127 -0.000435 1.000000 -0.000063 0.021667 -0.001220 0.000062 0.999999 -1.331746
0.999999 0.000351 0.001108 0.009126 -0.000352 1.000000 0.000556 0.021532 -0.001108 -0.000556 0.999999 -1.342223
1.000000 0.000126 0.000816 0.014419 -0.000127 1.000000 0.000369 0.019494 -0.000816 -0.000369 1.000000 -1.339429
0.999997 0.002359 0.000764 0.011389 -0.002361 0.999994 0.002356 0.020527 -0.000758 -0.002358 0.999997 -1.345706
0.999985 0.005322 0.001033 0.000985 -0.005323 0.999986 0.000368 0.020470 -0.001031 -0.000373 0.999999 -1.340638
0.999970 0.007669 0.001024 -0.004022 -0.007666 0.999968 -0.002403 0.023759 -0.001042 0.002395 0.999997 -1.346574
0.999976 0.006658 0.001637 -0.007408 -0.006656 0.999977 -0.001504 0.021560 -0.001647 0.001493 0.999998 -1.336685
0.999994 0.003209 0.000953 -0.001047 -0.003212 0.999989 0.003379 0.018624 -0.000942 -0.003382 0.999994 -1.349903
1.000000 -0.000656 -0.000268 0.005479 0.000657 0.999995 0.003069 0.017858 0.000266 -0.003069 0.999995 -1.336018
0.999994 -0.003408 -0.000899 0.012184 0.003410 0.999992 0.001961 0.021871 0.000892 -0.001964 0.999998 -1.339673
1.000000 -0.000175 -0.000773 0.009179 0.000175 1.000000 -0.000014 0.021638 0.000773 0.000014 1.000000 -1.345109
0.999995 0.003226 -0.000522 0.000500 -0.003228 0.999988 -0.003589 0.024836 0.000511 0.003590 0.999993 -1.352262
0.999986 0.005274 -0.000378 -0.003305 -0.005275 0.999982 -0.002858 0.025363 0.000363 0.002860 0.999996 -1.357503
0.999993 0.003758 -0.000034 -0.000763 -0.003758 0.999992 -0.001382 0.022517 0.000029 0.001382 0.999999 -1.347681
0.999999 0.001585 0.000067 0.000860 -0.001585 0.999999 0.000084 0.022102 -0.000067 -0.000084 1.000000 -1.351469
0.999998 -0.001837 -0.000817 0.004226 0.001836 0.999998 -0.000829 0.023812 0.000819 0.000827 0.999999 -1.363022
0.999991 -0.003980 -0.001221 0.014202 0.003981 0.999992 0.000841 0.021875 0.001217 -0.000846 0.999999 -1.347032
0.999994 -0.003487 -0.000832 0.013149 0.003489 0.999992 0.002178 0.018684 0.000825 -0.002181 0.999997 -1.348524
0.999996 -0.002773 -0.000774 0.012635 0.002774 0.999996 0.000560 0.018508 0.000772 -0.000562 1.000000 -1.343880
0.999998 -0.001945 -0.000432 0.011976 0.001945 0.999997 -0.001109 0.020839 0.000434 0.001108 0.999999 -1.350450
0.999999 -0.001721 0.000152 0.009905 0.001721 0.999998 0.000333 0.021545 -0.000152 -0.000332 1.000000 -1.358686
0.999998 -0.001913 0.000388 0.010676 0.001912 0.999995 0.002417 0.018540 -0.000393 -0.002416 0.999997 -1.354454
0.999993 -0.003620 0.000494 0.012601 0.003618 0.999990 0.002757 0.016469 -0.000504 -0.002755 0.999996 -1.354491
0.999987 -0.005132 0.000047 0.016646 0.005132 0.999986 0.001320 0.016912 -0.000054 -0.001320 0.999999 -1.358617
0.999990 -0.004358 -0.000397 0.014754 0.004357 0.999990 -0.001316 0.020850 0.000403 0.001314 0.999999 -1.367370
0.999996 -0.002836 -0.000662 0.014830 0.002835 0.999994 -0.001959 0.021992 0.000667 0.001957 0.999998 -1.373271
1.000000 -0.000747 0.000060 0.006332 0.000747 0.999997 -0.002272 0.021020 -0.000058 0.002272 0.999997 -1.400629
0.999994 0.003295 0.000692 0.005139 -0.003294 0.999994 -0.000957 0.020197 -0.000695 0.000954 0.999999 -1.384382
0.999996 0.002297 0.001820 -0.000774 -0.002296 0.999997 -0.000137 0.018916 -0.001820 0.000132 0.999998 -1.415461
0.999998 0.000342 0.002029 0.002080 -0.000350 0.999991 0.004332 0.016150 -0.002028 -0.004333 0.999989 -1.401594
0.999997 -0.001663 0.001507 0.004393 0.001656 0.999989 0.004300 0.012760 -0.001514 -0.004297 0.999990 -1.400396
0.999989 -0.004706 0.000596 0.013653 0.004706 0.999989 0.000566 0.017222 -0.000599 -0.000563 1.000000 -1.398108
0.999995 -0.003278 0.000129 0.013369 0.003278 0.999994 -0.000989 0.018937 -0.000126 0.000989 1.000000 -1.408828
0.999998 -0.002040 -0.000254 0.010543 0.002039 0.999992 -0.003503 0.021021 0.000261 0.003503 0.999994 -1.407326
1.000000 -0.000605 -0.000358 0.009534 0.000604 0.999998 -0.001990 0.021421 0.000359 0.001989 0.999998 -1.405201
1.000000 0.000643 -0.000109 0.007266 -0.000643 0.999999 -0.000935 0.018454 0.000108 0.000935 1.000000 -1.416579
0.999998 0.001986 0.000009 0.003393 -0.001986 0.999998 -0.000619 0.018296 -0.000010 0.000619 1.000000 -1.440038
0.999997 0.002594 -0.000103 0.004614 -0.002594 0.999996 -0.000536 0.020167 0.000102 0.000537 1.000000 -1.417331
0.999996 0.002689 -0.000184 0.003340 -0.002689 0.999996 0.000027 0.019908 0.000184 -0.000026 1.000000 -1.409711
0.999995 0.003101 -0.000422 0.003176 -0.003102 0.999995 -0.000976 0.019326 0.000419 0.000977 0.999999 -1.433908
0.999991 0.004297 -0.000410 0.001231 -0.004298 0.999990 -0.001499 0.021644 0.000404 0.001500 0.999999 -1.428939
0.999997 0.002603 -0.000270 0.001469 -0.002603 0.999997 0.000156 0.021039 0.000271 -0.000156 1.000000 -1.434537
0.999998 -0.002023 -0.000193 0.007178 0.002024 0.999988 0.004364 0.017704 0.000184 -0.004364 0.999990 -1.428470
0.999974 -0.007233 -0.000373 0.014289 0.007235 0.999961 0.005035 0.014623 0.000337 -0.005038 0.999987 -1.419318
0.999958 -0.009043 -0.001216 0.020552 0.009043 0.999959 -0.000012 0.018158 0.001216 0.000001 0.999999 -1.434879
0.999968 -0.007928 -0.001086 0.021690 0.007924 0.999962 -0.003694 0.023153 0.001115 0.003685 0.999993 -1.430698
0.999999 -0.000776 -0.000729 0.010465 0.000774 0.999997 -0.002259 0.022736 0.000731 0.002259 0.999997 -1.458447
0.999998 0.001973 0.000483 0.004766 -0.001973 0.999998 -0.000478 0.020578 -0.000484 0.000477 1.000000 -1.448940
0.999994 0.003306 0.001253 -0.000399 -0.003306 0.999995 0.000031 0.021805 -0.001253 -0.000036 0.999999 -1.452058
0.999997 0.002093 0.000903 0.002182 -0.002093 0.999998 0.000526 0.022951 -0.000902 -0.000528 0.999999 -1.456494
1.000000 -0.000254 0.000559 0.004741 0.000254 1.000000 0.000393 0.023695 -0.000559 -0.000393 1.000000 -1.467240
0.999999 -0.001126 0.000128 0.006539 0.001126 0.999999 -0.000285 0.023841 -0.000127 0.000285 1.000000 -1.477683
1.000000 -0.000947 0.000154 0.004706 0.000948 0.999999 -0.000945 0.022943 -0.000153 0.000945 1.000000 -1.486352
1.000000 0.000829 0.000355 0.006590 -0.000829 1.000000 0.000421 0.023183 -0.000355 -0.000422 1.000000 -1.473514
1.000000 0.000469 0.000354 0.005970 -0.000469 0.999999 0.000897 0.021546 -0.000353 -0.000897 1.000000 -1.472858
1.000000 0.000913 0.000345 0.004720 -0.000913 1.000000 0.000239 0.022335 -0.000344 -0.000240 1.000000 -1.473038
1.000000 -0.000137 0.000356 0.007447 0.000137 1.000000 -0.000027 0.023529 -0.000356 0.000027 1.000000 -1.478397
1.000000 -0.000229 0.000240 0.008904 0.000229 1.000000 0.000145 0.023450 -0.000240 -0.000145 1.000000 -1.488131
1.000000 -0.000043 0.000260 0.009291 0.000043 1.000000 0.000146 0.022992 -0.000260 -0.000146 1.000000 -1.481815
0.999999 -0.001003 0.000389 0.010071 0.001003 0.999999 0.000309 0.023150 -0.000390 -0.000308 1.000000 -1.482662
1.000000 0.000260 0.000375 0.009257 -0.000260 1.000000 0.000121 0.021640 -0.000375 -0.000122 1.000000 -1.499690
1.000000 -0.000485 0.000198 0.009388 0.000485 1.000000 -0.000087 0.023109 -0.000198 0.000087 1.000000 -1.500063
1.000000 0.000794 0.000048 0.008248 -0.000794 1.000000 0.000020 0.022441 -0.000048 -0.000020 1.000000 -1.500256
0.999999 0.001516 -0.000111 0.007351 -0.001516 0.999999 0.000217 0.022274 0.000111 -0.000217 1.000000 -1.508187
0.999999 0.001026 -0.000167 0.007860 -0.001026 0.999999 -0.000204 0.021792 0.000167 0.000204 1.000000 -1.510452
0.999999 0.001451 -0.000255 0.005933 -0.001451 0.999999 -0.000868 0.025165 0.000254 0.000869 1.000000 -1.511905
1.000000 0.000019 0.000008 0.007884 -0.000019 1.000000 -0.000258 0.024352 -0.000008 0.000258 1.000000 -1.510117
1.000000 -0.000388 -0.000129 0.008184 0.000388 1.000000 0.000258 0.024353 0.000129 -0.000258 1.000000 -1.507891
1.000000 -0.000516 -0.000342 0.007738 0.000516 1.000000 0.000587 0.023325 0.000342 -0.000587 1.000000 -1.507585
0.999999 -0.001264 -0.000557 0.009980 0.001264 0.999999 -0.000710 0.023941 0.000558 0.000710 1.000000 -1.507131
1.000000 -0.000158 -0.000712 0.009886 0.000156 0.999998 -0.002103 0.024488 0.000712 0.002103 0.999998 -1.517117
1.000000 0.000270 -0.000605 0.008576 -0.000270 1.000000 -0.000448 0.024453 0.000604 0.000449 1.000000 -1.510352
1.000000 -0.000266 -0.000589 0.009259 0.000267 0.999999 0.001634 0.022034 0.000589 -0.001634 0.999998 -1.510374
1.000000 -0.000161 -0.000557 0.009036 0.000162 0.999999 0.001424 0.019186 0.000557 -0.001424 0.999999 -1.520480
1.000000 -0.000594 -0.000343 0.008924 0.000594 1.000000 -0.000377 0.020988 0.000343 0.000377 1.000000 -1.535818
1.000000 0.000436 -0.000017 0.006699 -0.000436 0.999999 -0.000969 0.022967 0.000017 0.000969 1.000000 -1.544195
1.000000 -0.000144 0.000297 0.005929 0.000144 1.000000 -0.000408 0.025065 -0.000297 0.000408 1.000000 -1.537704
1.000000 -0.000269 0.000164 0.008759 0.000269 1.000000 -0.000005 0.024161 -0.000164 0.000005 1.000000 -1.525758
0.999999 -0.001409 -0.000208 0.009375 0.001409 0.999999 -0.000294 0.025581 0.000208 0.000294 1.000000 -1.533757
0.999999 -0.001297 -0.000308 0.011948 0.001297 0.999999 0.000001 0.024885 0.000308 -0.000002 1.000000 -1.525010
1.000000 -0.000306 -0.000048 0.011174 0.000306 1.000000 -0.000194 0.023654 0.000048 0.000194 1.000000 -1.538275
0.999999 0.001436 -0.000003 0.007256 -0.001436 0.999999 -0.000136 0.024442 0.000003 0.000136 1.000000 -1.535126
0.999998 0.001810 0.000060 0.007044 -0.001810 0.999998 -0.000678 0.024350 -0.000061 0.000678 1.000000 -1.529767
0.999997 0.002443 -0.000085 0.005300 -0.002443 0.999997 -0.000696 0.025129 0.000083 0.000696 1.000000 -1.538703
0.999999 0.001535 0.000366 0.003795 -0.001536 0.999999 0.000733 0.025220 -0.000365 -0.000733 1.000000 -1.534388
0.999999 0.001226 0.000180 0.007254 -0.001226 0.999999 0.001022 0.022619 -0.000178 -0.001022 0.999999 -1.531493
0.999998 0.001907 -0.000500 0.007715 -0.001908 0.999997 -0.001725 0.025598 0.000496 0.001726 0.999998 -1.528534
0.999998 0.002049 -0.000425 0.008609 -0.002050 0.999996 -0.001777 0.028039 0.000421 0.001778 0.999998 -1.536936
0.999999 0.001057 -0.000037 0.007166 -0.001057 0.999999 0.000891 0.023375 0.000038 -0.000891 1.000000 -1.522147
1.000000 0.000499 -0.000441 0.006979 -0.000499 0.999999 0.001024 0.023027 0.000442 -0.001024 0.999999 -1.540602
0.999999 -0.000782 -0.000701 0.010922 0.000783 1.000000 0.000363 0.023772 0.000700 -0.000363 1.000000 -1.534293
0.999998 -0.001823 -0.000963 0.011688 0.001823 0.999998 -0.000046 0.025901 0.000963 0.000044 1.000000 -1.538817
0.999998 -0.001605 -0.000970 0.012195 0.001605 0.999999 0.000334 0.026431 0.000970 -0.000336 0.999999 -1.539795
0.999999 -0.001131 -0.000976 0.009854 0.001131 0.999999 0.000199 0.026987 0.000976 -0.000200 1.000000 -1.551008
0.999999 -0.000763 -0.000831 0.009597 0.000763 1.000000 0.000263 0.025706 0.000831 -0.000264 1.000000 -1.533548
1.000000 -0.000287 -0.000729 0.011737 0.000287 1.000000 0.000787 0.022764 0.000728 -0.000787 0.999999 -1.566562
0.999999 0.000727 -0.000910 0.012714 -0.000727 1.000000 0.000676 0.020810 0.000911 -0.000675 0.999999 -1.587778
0.999999 0.000807 -0.000802 0.004245 -0.000807 1.000000 -0.000270 0.021089 0.000802 0.000271 1.000000 -1.587189
0.999999 0.001116 -0.000613 0.005100 -0.001117 0.999999 -0.001031 0.028866 0.000612 0.001032 0.999999 -1.546043
0.999999 0.001291 -0.000154 0.000775 -0.001291 0.999999 -0.000345 0.028553 0.000153 0.000345 1.000000 -1.534632
1.000000 0.000947 0.000029 0.005132 -0.000947 0.999997 0.002300 0.026713 -0.000027 -0.002300 0.999997 -1.551507
0.999999 0.001663 0.000314 0.005332 -0.001663 0.999996 0.002078 0.021029 -0.000311 -0.002079 0.999998 -1.569973
1.000000 -0.000009 0.000926 0.003373 0.000009 1.000000 -0.000042 0.022757 -0.000926 0.000042 1.000000 -1.552404
0.999999 0.001219 0.000936 0.005941 -0.001219 0.999999 0.000025 0.021137 -0.000936 -0.000026 1.000000 -1.533169
0.999999 -0.000219 0.001043 0.004732 0.000218 1.000000 0.000630 0.019067 -0.001043 -0.000630 0.999999 -1.557388
1.000000 -0.000049 0.000718 0.007325 0.000049 1.000000 0.000233 0.022234 -0.000718 -0.000233 1.000000 -1.585728
1.000000 0.000301 0.000755 0.006927 -0.000300 1.000000 -0.000521 0.024506 -0.000755 0.000521 1.000000 -1.567333
0.999999 0.000495 0.001010 0.007608 -0.000494 1.000000 -0.000157 0.023551 -0.001010 0.000157 0.999999 -1.571425
0.999999 0.000658 0.001064 0.007314 -0.000656 0.999999 -0.001388 0.023543 -0.001064 0.001388 0.999998 -1.587738
0.999998 -0.001838 0.000669 0.005715 0.001839 0.999997 -0.001388 0.026993 -0.000666 0.001389 0.999999 -1.585056
1.000000 -0.000280 -0.000607 0.006474 0.000280 1.000000 -0.000075 0.022828 0.000607 0.000075 1.000000 -1.596638
1.000000 -0.000370 -0.000692 0.005252 0.000370 1.000000 0.000242 0.024122 0.000692 -0.000243 1.000000 -1.600394
0.999999 0.001295 -0.000127 0.002862 -0.001295 0.999999 0.000149 0.023328 0.000127 -0.000149 1.000000 -1.592909
0.999998 0.002186 0.000287 -0.004838 -0.002187 0.999997 0.000961 0.022076 -0.000285 -0.000962 0.999999 -1.611749
0.999999 0.001497 0.000224 -0.005598 -0.001498 0.999997 0.001997 0.021113 -0.000221 -0.001997 0.999998 -1.619366
0.999999 0.000771 0.000981 -0.010714 -0.000772 0.999999 0.000947 0.022539 -0.000980 -0.000948 0.999999 -1.616637
0.999996 -0.000656 0.002582 0.003031 0.000653 0.999999 0.001054 0.020819 -0.002583 -0.001052 0.999996 -1.639335
0.999997 -0.000948 0.002327 0.004069 0.000949 0.999999 -0.000681 0.022480 -0.002326 0.000684 0.999997 -1.636445
0.999999 -0.001148 0.000537 0.006464 0.001150 0.999994 -0.003200 0.025589 -0.000534 0.003200 0.999995 -1.648976
0.999999 0.001507 -0.000534 0.005509 -0.001509 0.999994 -0.003051 0.027167 0.000529 0.003052 0.999995 -1.654973
1.000000 0.000877 0.000001 0.002988 -0.000877 0.999999 -0.000687 0.025618 -0.000001 0.000687 1.000000 -1.633530
0.999999 0.000987 -0.000314 0.006653 -0.000986 0.999999 0.001259 0.024054 0.000315 -0.001259 0.999999 -1.646643
0.999999 0.001050 -0.000435 0.007434 -0.001050 0.999999 0.000027 0.026533 0.000435 -0.000027 1.000000 -1.659477
1.000000 0.000051 -0.000338 0.009621 -0.000051 1.000000 -0.000330 0.028037 0.000338 0.000330 1.000000 -1.659985
1.000000 -0.000147 -0.000547 0.010539 0.000147 1.000000 -0.000006 0.028311 0.000547 0.000006 1.000000 -1.627202
0.999999 -0.001562 -0.000424 0.010075 0.001563 0.999998 0.000903 0.028483 0.000423 -0.000904 1.000000 -1.621567
0.999999 -0.000828 -0.000815 0.012486 0.000829 1.000000 0.000557 0.027117 0.000814 -0.000557 1.000000 -1.623020
0.999999 0.001153 -0.000960 0.011838 -0.001155 0.999997 -0.001952 0.030331 0.000957 0.001953 0.999998 -1.626880
0.999999 0.000987 -0.000169 0.006982 -0.000987 0.999999 -0.000946 0.031439 0.000168 0.000946 1.000000 -1.627394
0.999999 0.001201 0.000152 0.004955 -0.001201 0.999999 0.001107 0.027993 -0.000150 -0.001107 0.999999 -1.639235
0.999999 -0.001261 0.000003 0.007478 0.001261 0.999999 -0.000250 0.031084 -0.000003 0.000250 1.000000 -1.623143
0.999999 -0.001643 0.000140 0.012188 0.001642 0.999997 0.001905 0.026885 -0.000143 -0.001905 0.999998 -1.615977
0.999998 -0.001774 0.000394 0.012362 0.001773 0.999994 0.002953 0.024529 -0.000399 -0.002953 0.999996 -1.609490
0.999999 -0.001416 0.000834 0.009329 0.001416 0.999999 -0.000480 0.026587 -0.000834 0.000481 1.000000 -1.617296
0.999999 -0.001063 0.000837 0.012004 0.001066 0.999993 -0.003457 0.030581 -0.000833 0.003458 0.999994 -1.600474
0.999999 -0.001284 0.000831 0.011050 0.001287 0.999995 -0.002860 0.032882 -0.000827 0.002861 0.999996 -1.610519
0.999999 -0.000359 0.001020 0.009057 0.000358 0.999999 0.001147 0.028555 -0.001021 -0.001147 0.999999 -1.612567
0.999998 0.000763 0.001675 0.005721 -0.000766 0.999999 0.001473 0.025850 -0.001674 -0.001474 0.999998 -1.594770
0.999998 0.001025 0.001566 0.009601 -0.001023 0.999999 -0.001303 0.027918 -0.001568 0.001301 0.999998 -1.609335
0.999999 0.001399 0.000842 0.006357 -0.001398 0.999999 -0.000463 0.028263 -0.000842 0.000462 1.000000 -1.617533
1.000000 0.000139 0.000461 0.005918 -0.000139 1.000000 0.000870 0.025222 -0.000461 -0.000870 1.000000 -1.600471
1.000000 0.000527 0.000266 0.006473 -0.000527 0.999999 0.001017 0.023189 -0.000265 -0.001017 0.999999 -1.606727
1.000000 0.000328 0.000130 0.006409 -0.000328 1.000000 0.000119 0.026195 -0.000129 -0.000119 1.000000 -1.611370
1.000000 0.000475 -0.000079 0.008708 -0.000475 1.000000 0.000228 0.025600 0.000079 -0.000228 1.000000 -1.595114
1.000000 0.000409 -0.000075 0.007607 -0.000409 1.000000 0.000701 0.025494 0.000075 -0.000701 1.000000 -1.595741
1.000000 0.000008 -0.000185 0.013433 -0.000008 1.000000 0.000876 0.023191 0.000185 -0.000876 1.000000 -1.596912
1.000000 0.000645 -0.000181 0.005999 -0.000645 1.000000 -0.000172 0.026635 0.000181 0.000172 1.000000 -1.594648
1.000000 -0.000317 -0.000428 0.011791 0.000317 0.999999 0.000963 0.024820 0.000428 -0.000963 0.999999 -1.589745
0.999999 0.001333 -0.000275 0.010917 -0.001332 0.999998 0.001409 0.023963 0.000277 -0.001409 0.999999 -1.578796
0.999999 0.001518 -0.000183 0.005691 -0.001518 0.999997 -0.001693 0.026498 0.000181 0.001693 0.999999 -1.602739
0.999999 0.001576 -0.000071 0.005734 -0.001576 0.999999 -0.000640 0.026370 0.000070 0.000640 1.000000 -1.610502
1.000000 0.000343 -0.000230 0.008096 -0.000343 0.999999 0.001092 0.024475 0.000230 -0.001092 0.999999 -1.604908
0.999999 -0.001128 -0.000322 0.007522 0.001128 0.999999 0.000642 0.024083 0.000321 -0.000643 1.000000 -1.607553
0.999999 -0.001586 -0.000317 0.006935 0.001586 0.999998 -0.000749 0.025850 0.000318 0.000748 1.000000 -1.611646
0.999999 -0.001532 -0.000553 0.009371 0.001532 0.999998 -0.000888 0.027535 0.000555 0.000887 0.999999 -1.615979
1.000000 0.000012 -0.000137 0.002279 -0.000012 1.000000 0.000285 0.027460 0.000137 -0.000285 1.000000 -1.615935
0.999957 -0.006304 0.006874 -0.445906 0.006294 0.999979 0.001508 0.132622 -0.006883 -0.001465 0.999975 -3.001219
1.000000 -0.000242 -0.000366 0.008162 0.000242 1.000000 0.000279 0.024681 0.000366 -0.000279 1.000000 -1.611618
1.000000 -0.000373 -0.000436 0.004471 0.000373 1.000000 0.000198 0.025827 0.000436 -0.000198 1.000000 -1.621970
0.999999 -0.001179 -0.000307 0.005514 0.001179 0.999999 -0.000034 0.025564 0.000307 0.000033 1.000000 -1.614916
0.999998 -0.001775 -0.000940 0.015498 0.001775 0.999998 -0.000290 0.022110 0.000941 0.000288 1.000000 -1.601017
0.999999 -0.001102 -0.000426 0.010067 0.001102 0.999999 0.000803 0.023242 0.000425 -0.000803 1.000000 -1.633339
1.000000 -0.000722 -0.000177 0.007986 0.000722 0.999999 0.000702 0.025191 0.000176 -0.000702 1.000000 -1.608526
0.999987 0.004187 0.002805 -0.029117 -0.004187 0.999991 0.000187 0.004218 -0.002804 -0.000199 0.999996 -2.440955
0.999999 -0.001502 -0.000293 0.011273 0.001502 0.999999 -0.000676 0.022978 0.000294 0.000676 1.000000 -1.610549
0.999999 -0.001130 -0.000334 0.010671 0.001130 0.999999 -0.000230 0.027418 0.000334 0.000230 1.000000 -1.606468
1.000000 -0.000932 -0.000309 0.009869 0.000932 0.999999 0.000575 0.026047 0.000308 -0.000575 1.000000 -1.614214
1.000000 -0.000380 -0.000253 0.011496 0.000380 1.000000 -0.000136 0.024820 0.000253 0.000135 1.000000 -1.609149
