1.000000 0.000000 0.000000 0.000000 0.000000 1.000000 0.000000 0.000000 0.000000 0.000000 1.000000 0.000000
0.999997 0.001818 0.001563 0.002105 -0.001819 0.999998 0.000855 0.009635 -0.001562 -0.000857 0.999998 -0.568984
0.999999 0.000659 0.001166 0.004537 -0.000661 0.999999 0.001431 0.010727 -0.001165 -0.001431 0.999998 -0.564714
0.999998 0.000492 0.002046 -0.000177 -0.000494 0.999999 0.001250 0.011471 -0.002046 -0.001251 0.999997 -0.565693
0.999995 0.002172 0.002110 -0.003686 -0.002176 0.999996 0.001760 0.007985 -0.002106 -0.001765 0.999996 -0.563856
0.999996 0.002446 0.001712 -0.003220 -0.002449 0.999995 0.001992 0.005970 -0.001707 -0.001996 0.999997 -0.563767
0.999998 0.001325 0.001646 -0.006061 -0.001326 0.999999 0.000632 0.007982 -0.001645 -0.000634 0.999998 -0.571217
0.999999 0.000252 0.001388 0.002683 -0.000251 1.000000 -0.000677 0.008270 -0.001388 0.000677 0.999999 -0.585527
0.999999 0.000465 0.001288 -0.000274 -0.000466 1.000000 0.000314 0.010622 -0.001288 -0.000314 0.999999 -0.585878
0.999999 -0.000535 0.001504 -0.006867 0.000531 0.999996 0.002657 0.010308 -0.001505 -0.002656 0.999995 -0.598164
0.999998 -0.001765 0.001183 0.010553 0.001760 0.999990 0.004007 0.001843 -0.001190 -0.004005 0.999991 -0.597015
0.999998 -0.001380 0.001398 0.003400 0.001375 0.999992 0.003781 0.000046 -0.001403 -0.003779 0.999992 -0.616218
0.999997 -0.001697 0.001569 -0.003592 0.001697 0.999999 0.000111 -0.002446 -0.001569 -0.000108 0.999999 -0.634461
0.999997 -0.002180 0.001218 0.007005 0.002188 0.999975 -0.006756 0.000610 -0.001204 0.006758 0.999976 -0.654450
0.999999 -0.000547 0.001108 -0.003210 0.000558 0.999945 -0.010483 0.011390 -0.001102 0.010483 0.999944 -0.674092
0.999999 -0.000712 0.000961 0.003893 0.000718 0.999978 -0.006636 0.014527 -0.000957 0.006637 0.999978 -0.687532
0.999998 -0.001733 0.000966 0.017831 0.001732 0.999998 0.000989 0.014809 -0.000968 -0.000987 0.999999 -0.695914
0.999996 -0.002475 0.000936 0.004407 0.002468 0.999971 0.007257 0.006383 -0.000954 -0.007254 0.999973 -0.695799
0.999999 0.000286 0.001136 0.005804 -0.000293 0.999982 0.006027 -0.005347 -0.001134 -0.006027 0.999981 -0.714852
0.999997 0.002136 0.001151 0.002744 -0.002134 0.999997 -0.001485 -0.004089 -0.001155 0.001483 0.999998 -0.740792
0.999999 0.001150 0.000504 0.001636 -0.001145 0.999955 -0.009388 0.013526 -0.000515 0.009387 0.999956 -0.766315
1.000000 0.000393 0.000422 0.004924 -0.000390 0.999972 -0.007413 0.013806 -0.000424 0.007413 0.999972 -0.783557
0.999999 0.000916 0.000514 0.005149 -0.000914 0.999997 -0.002447 0.012312 -0.000516 0.002447 0.999997 -0.793544
0.999998 0.002086 0.000267 -0.001152 -0.002086 0.999997 0.001077 0.007539 -0.000264 -0.001078 0.999999 -0.807861
1.000000 0.000366 -0.000456 0.002610 -0.000365 0.999997 0.002388 0.008271 0.000457 -0.002388 0.999997 -0.821949
0.999996 -0.002727 -0.000596 0.007744 0.002729 0.999991 0.003381 0.006402 0.000587 -0.003382 0.999994 -0.833520
0.999995 0.003051 -0.000952 0.000932 -0.003046 0.999980 0.005521 0.006130 0.000969 -0.005518 0.999984 -0.856158
0.999996 0.002767 -0.000483 -0.005073 -0.002764 0.999976 0.006288 0.005522 0.000500 -0.006286 0.999980 -0.867365
0.999999 -0.001227 -0.001043 0.004276 0.001233 0.999985 0.005392 0.001295 0.001036 -0.005394 0.999985 -0.888314
0.999999 -0.001368 -0.000038 0.004056 0.001369 0.999999 0.000767 0.005999 0.000037 -0.000767 1.000000 -0.905747
1.000000 -0.000063 0.000303 0.002909 0.000063 1.000000 -0.000685 0.010053 -0.000303 0.000685 1.000000 -0.925168
0.999999 -0.001391 0.000302 0.002164 0.001390 0.999998 0.001262 0.010976 -0.000304 -0.001262 0.999999 -0.942122
0.999996 -0.002719 0.000049 0.005630 0.002719 0.999994 0.001966 0.008097 -0.000055 -0.001966 0.999998 -0.953046
0.999994 -0.003439 0.000386 0.005681 0.003439 0.999994 0.000717 0.008739 -0.000388 -0.000715 1.000000 -0.966114
0.999999 -0.001410 0.000318 0.003692 0.001410 0.999999 -0.000237 0.013194 -0.000317 0.000238 1.000000 -0.980145
1.000000 -0.000689 0.000410 0.003872 0.000689 1.000000 0.000057 0.013330 -0.000410 -0.000057 1.000000 -0.987959
1.000000 0.000035 0.000534 -0.000185 -0.000034 1.000000 -0.000221 0.012780 -0.000534 0.000221 1.000000 -1.000874
0.999999 -0.000784 0.000788 -0.000811 0.000785 0.999999 -0.001150 0.013729 -0.000787 0.001150 0.999999 -1.005451
1.000000 -0.000437 0.000718 -0.000633 0.000438 0.999998 -0.002021 0.014754 -0.000717 0.002021 0.999998 -1.017092
1.000000 -0.000430 0.000670 -0.000273 0.000431 0.999999 -0.001291 0.016688 -0.000669 0.001292 0.999999 -1.020597
1.000000 0.000235 0.000477 -0.001017 -0.000235 1.000000 0.000932 0.015848 -0.000477 -0.000933 0.999999 -1.029045
0.999999 -0.001069 0.000668 0.000016 0.001069 0.999999 0.000830 0.013355 -0.000669 -0.000829 0.999999 -1.033877
0.999999 0.000419 0.001043 -0.005813 -0.000418 0.999999 -0.000912 0.012324 -0.001043 0.000912 0.999999 -1.042456
0.999999 0.000809 0.001072 -0.005154 -0.000806 0.999996 -0.002729 0.015386 -0.001074 0.002728 0.999996 -1.053657
0.999999 -0.000309 0.001164 -0.005446 0.000313 0.999993 -0.003641 0.015945 -0.001163 0.003641 0.999993 -1.062962
0.999999 -0.000153 0.001192 -0.003797 0.000156 0.999997 -0.002294 0.017378 -0.001192 0.002294 0.999997 -1.068573
1.000000 -0.000109 0.000659 0.002092 0.000110 1.000000 -0.000322 0.013934 -0.000659 0.000322 1.000000 -1.073737
1.000000 0.000281 0.000612 0.002646 -0.000282 0.999999 0.001614 0.011633 -0.000612 -0.001614 0.999999 -1.077783
1.000000 -0.000500 0.000772 0.003018 0.000500 1.000000 0.000592 0.013204 -0.000773 -0.000592 1.000000 -1.087002
1.000000 0.000340 0.000692 0.003617 -0.000339 0.999999 -0.001208 0.016491 -0.000692 0.001207 0.999999 -1.085626
1.000000 0.000082 0.000748 0.003644 -0.000081 0.999998 -0.002012 0.019660 -0.000748 0.002012 0.999998 -1.087143
1.000000 0.000134 0.000484 0.006266 -0.000132 0.999997 -0.002550 0.021475 -0.000484 0.002550 0.999997 -1.087337
0.999999 -0.001261 0.000348 0.008440 0.001261 0.999999 0.000193 0.021459 -0.000348 -0.000192 1.000000 -1.082030
0.999999 -0.001194 0.000424 0.003166 0.001193 0.999992 0.003750 0.017654 -0.000429 -0.003750 0.999993 -1.082084
0.999999 -0.001413 -0.000029 0.007177 0.001413 0.999991 0.004044 0.013047 0.000023 -0.004044 0.999992 -1.081085
1.000000 -0.000381 -0.000131 0.007101 0.000381 1.000000 0.000297 0.015281 0.000130 -0.000297 1.000000 -1.082361
1.000000 -0.000475 -0.000142 0.005830 0.000475 0.999996 -0.002703 0.018699 0.000144 0.002703 0.999996 -1.088339
1.000000 -0.000701 -0.000343 0.007306 0.000700 0.999998 -0.002049 0.019454 0.000344 0.002048 0.999998 -1.086718
0.999999 0.001512 -0.000032 0.002667 -0.001512 0.999998 -0.001101 0.016566 0.000030 0.001101 0.999999 -1.089445
1.000000 -0.000002 -0.000317 0.000775 0.000002 0.999999 0.001014 0.017555 0.000317 -0.001014 0.999999 -1.093398
1.000000 0.000812 -0.000238 -0.001346 -0.000812 0.999998 0.001854 0.014248 0.000240 -0.001853 0.999998 -1.090213
1.000000 -0.000096 -0.000245 0.003369 0.000096 0.999997 0.002238 0.014824 0.000245 -0.002238 0.999997 -1.102338
0.999999 0.001153 -0.000104 0.000863 -0.001153 0.999996 0.002469 0.017215 0.000107 -0.002468 0.999997 -1.092094
0.999999 0.001504 -0.000125 0.001731 -0.001504 0.999993 0.003379 0.015711 0.000130 -0.003379 0.999994 -1.087843
0.999998 0.001787 -0.000117 -0.000988 -0.001786 0.999997 0.001706 0.015064 0.000120 -0.001706 0.999999 -1.088430
0.999999 0.001675 -0.000204 0.002649 -0.001676 0.999996 -0.002272 0.017577 0.000200 0.002273 0.999997 -1.088147
0.999999 0.001364 -0.000111 0.001801 -0.001365 0.999982 -0.005819 0.020375 0.000103 0.005820 0.999983 -1.091756
0.999999 0.001418 -0.000027 -0.000328 -0.001418 0.999981 -0.006013 0.024085 0.000018 0.006013 0.999982 -1.093647
0.999998 0.001846 0.000198 -0.002361 -0.001845 0.999998 -0.000687 0.021032 -0.000200 0.000687 1.000000 -1.096514
0.999995 0.003202 0.000196 -0.004462 -0.003202 0.999990 0.003041 0.015037 -0.000186 -0.003042 0.999995 -1.095032
0.999999 0.001233 0.000308 0.000924 -0.001233 0.999994 0.003158 0.015235 -0.000304 -0.003158 0.999995 -1.091368
0.999998 -0.002092 0.000381 0.005009 0.002091 0.999990 0.003958 0.017378 -0.000390 -0.003958 0.999992 -1.096203
1.000000 -0.000358 0.000013 0.002080 0.000358 0.999991 0.004304 0.011480 -0.000015 -0.004304 0.999991 -1.087252
0.999994 -0.003311 -0.000649 0.008181 0.003311 0.999994 0.000719 0.010914 0.000647 -0.000721 1.000000 -1.093240
0.999991 -0.004103 -0.000759 0.009606 0.004100 0.999985 -0.003560 0.015611 0.000774 0.003557 0.999993 -1.102353
0.999999 -0.001529 0.000017 0.004423 0.001529 0.999997 -0.001962 0.016652 -0.000014 0.001962 0.999998 -1.099325
1.000000 0.000543 0.000204 -0.000722 -0.000543 1.000000 -0.000672 0.015244 -0.000205 0.000671 1.000000 -1.101386
0.999998 0.001749 0.000216 -0.001763 -0.001749 0.999998 -0.000847 0.019879 -0.000217 0.000847 1.000000 -1.099879
0.999999 0.001121 0.000410 0.001841 -0.001120 0.999998 -0.001369 0.019376 -0.000412 0.001368 0.999999 -1.106564
0.999998 0.001744 0.000484 -0.001154 -0.001743 0.999996 -0.002160 0.021429 -0.000488 0.002159 0.999998 -1.097167
0.999999 0.001259 0.001114 -0.004685 -0.001257 0.999998 -0.001742 0.022812 -0.001116 0.001740 0.999998 -1.098350
0.999999 0.000734 0.001011 -0.002548 -0.000735 0.999999 0.001132 0.022714 -0.001011 -0.001133 0.999999 -1.093670
1.000000 -0.000410 0.000891 0.001305 0.000406 0.999993 0.003714 0.017860 -0.000893 -0.003714 0.999993 -1.087760
0.999999 -0.000611 0.000961 0.003053 0.000610 0.999998 0.001879 0.018769 -0.000962 -0.001879 0.999998 -1.085071
0.999997 -0.001960 0.001148 0.000970 0.001962 0.999997 -0.001747 0.019687 -0.001145 0.001749 0.999998 -1.089762
0.999999 -0.001091 0.000912 0.006903 0.001095 0.999991 -0.004182 0.019609 -0.000908 0.004183 0.999991 -1.107173
0.999998 -0.001606 0.001062 0.003719 0.001610 0.999991 -0.003926 0.022528 -0.001055 0.003928 0.999992 -1.110638
0.999999 -0.001219 0.000519 0.008071 0.001220 0.999999 -0.000641 0.021403 -0.000518 0.000642 1.000000 -1.072152
1.000000 -0.000235 0.000629 0.005500 0.000234 0.999998 0.002204 0.015470 -0.000629 -0.002204 0.999997 -1.067671
1.000000 -0.000192 0.000656 0.002375 0.000191 1.000000 0.000886 0.015198 -0.000656 -0.000886 0.999999 -1.064140
1.000000 0.000486 0.000621 0.003493 -0.000487 1.000000 0.000246 0.018726 -0.000621 -0.000246 1.000000 -1.052505
0.999999 0.000775 0.000884 0.000046 -0.000775 1.000000 -0.000132 0.017114 -0.000884 0.000132 1.000000 -1.040950
0.999999 0.001035 0.000638 0.002330 -0.001034 0.999999 -0.001302 0.017998 -0.000639 0.001302 0.999999 -1.021817
1.000000 -0.000116 0.000723 0.002492 0.000117 0.999996 -0.002670 0.022788 -0.000723 0.002670 0.999996 -1.004992
0.999999 0.000829 0.000940 0.003764 -0.000828 0.999999 -0.000811 0.022547 -0.000941 0.000810 0.999999 -0.984135
0.999997 0.000916 0.002240 0.002574 -0.000915 1.000000 -0.000338 0.024001 -0.002240 0.000336 0.999997 -0.967834
0.999994 0.000755 0.003317 0.003756 -0.000758 0.999999 0.000856 0.022467 -0.003316 -0.000859 0.999994 -0.943271
0.999994 -0.000047 0.003412 0.004988 0.000044 1.000000 0.000881 0.020197 -0.003412 -0.000881 0.999994 -0.916958
0.999995 0.000202 0.003255 0.001871 -0.000202 1.000000 -0.000289 0.019975 -0.003255 0.000288 0.999995 -0.896932
0.999994 -0.001160 0.003228 0.003611 0.001164 0.999999 -0.001099 0.020154 -0.003227 0.001103 0.999994 -0.868191
0.999995 -0.000859 0.003113 0.004226 0.000862 0.999999 -0.001124 0.021731 -0.003112 0.001126 0.999995 -0.847625
0.999995 -0.000939 0.002971 0.006567 0.000944 0.999998 -0.001535 0.020340 -0.002970 0.001537 0.999994 -0.818327
0.999995 -0.001572 0.002674 0.007751 0.001574 0.999998 -0.000723 0.018600 -0.002673 0.000728 0.999996 -0.795269
0.999995 -0.002074 0.002539 0.009640 0.002075 0.999998 -0.000446 0.020143 -0.002538 0.000451 0.999997 -0.765376
0.999994 -0.001865 0.002763 0.006225 0.001861 0.999998 0.001199 0.019827 -0.002765 -0.001194 0.999995 -0.732545
0.999996 -0.001504 0.002563 0.007517 0.001495 0.999992 0.003758 0.017075 -0.002569 -0.003754 0.999990 -0.699230
0.999993 -0.002700 0.002484 0.009479 0.002691 0.999989 0.003719 0.013401 -0.002494 -0.003712 0.999990 -0.672116
0.999996 -0.001926 0.001964 0.008636 0.001921 0.999994 0.002708 0.011087 -0.001969 -0.002705 0.999994 -0.644777
0.999997 -0.002103 0.000902 0.007073 0.002102 0.999997 0.001068 0.010801 -0.000905 -0.001066 0.999999 -0.618893
0.999997 -0.002318 -0.000724 0.006859 0.002318 0.999997 -0.000364 0.012155 0.000725 0.000363 1.000000 -0.603876
0.999990 -0.003742 -0.002639 0.003438 0.003737 0.999992 -0.001544 0.013573 0.002644 0.001534 0.999995 -0.581602
0.999983 -0.002512 -0.005299 0.000686 0.002504 0.999996 -0.001527 0.012696 0.005303 0.001514 0.999985 -0.555103
0.999973 -0.000738 -0.007347 -0.000103 0.000723 0.999998 -0.002085 0.012492 0.007348 0.002080 0.999971 -0.527899
0.999954 0.000192 -0.009586 -0.004867 -0.000217 0.999996 -0.002667 0.011457 0.009585 0.002669 0.999950 -0.505439
0.999930 0.000432 -0.011817 -0.004347 -0.000449 0.999999 -0.001462 0.012715 0.011816 0.001467 0.999929 -0.480249
0.999911 0.000783 -0.013292 -0.010065 -0.000788 1.000000 -0.000357 0.011243 0.013292 0.000368 0.999912 -0.461749
0.999882 0.000173 -0.015338 -0.004145 -0.000166 1.000000 0.000456 0.012584 0.015338 -0.000454 0.999882 -0.438040
0.999836 0.001284 -0.018091 -0.012672 -0.001234 0.999996 0.002726 0.009286 0.018095 -0.002703 0.999833 -0.429684
0.999773 0.000590 -0.021309 -0.015502 -0.000500 0.999991 0.004228 0.006696 0.021312 -0.004216 0.999764 -0.420369
0.999696 0.002289 -0.024559 -0.018550 -0.002186 0.999989 0.004236 0.006688 0.024569 -0.004181 0.999689 -0.407776
0.999622 0.002442 -0.027383 -0.023519 -0.002381 0.999995 0.002237 0.006092 0.027388 -0.002171 0.999623 -0.403205
0.999545 0.002775 -0.030039 -0.028130 -0.002753 0.999996 0.000784 0.005866 0.030041 -0.000701 0.999548 -0.400037
0.999452 0.002437 -0.033023 -0.026005 -0.002387 0.999996 0.001538 0.005197 0.033027 -0.001459 0.999453 -0.387001
0.999340 0.002737 -0.036223 -0.031175 -0.002694 0.999996 0.001214 0.006846 0.036226 -0.001115 0.999343 -0.385224
0.999216 0.003292 -0.039456 -0.029249 -0.003284 0.999995 0.000259 0.007001 0.039457 -0.000129 0.999221 -0.377120
0.999138 0.002228 -0.041446 -0.030561 -0.002194 0.999997 0.000885 0.006053 0.041448 -0.000794 0.999140 -0.377227
0.999042 -0.000771 -0.043752 -0.023381 0.000815 0.999999 0.000999 0.007027 0.043751 -0.001034 0.999042 -0.367882
0.998882 -0.002260 -0.047225 -0.022072 0.002284 0.999997 0.000461 0.004692 0.047224 -0.000568 0.998884 -0.359066
0.998835 -0.000630 -0.048243 -0.027248 0.000564 0.999999 -0.001386 0.004890 0.048244 0.001357 0.998835 -0.356183
0.998800 0.000214 -0.048983 -0.031495 -0.000286 0.999999 -0.001465 0.007694 0.048982 0.001477 0.998799 -0.350269
0.998716 0.001677 -0.050636 -0.031467 -0.001660 0.999999 0.000380 0.008884 0.050637 -0.000296 0.998717 -0.347378
0.998736 0.000818 -0.050265 -0.032136 -0.000711 0.999997 0.002151 0.008292 0.050267 -0.002112 0.998734 -0.346707
0.998712 -0.000108 -0.050740 -0.031545 0.000283 0.999994 0.003439 0.007844 0.050739 -0.003449 0.998706 -0.347671
0.998634 -0.002403 -0.052203 -0.027658 0.002644 0.999986 0.004545 0.002951 0.052192 -0.004677 0.998626 -0.348375
0.998551 -0.004616 -0.053618 -0.027822 0.004827 0.999981 0.003803 -0.000824 0.053599 -0.004056 0.998554 -0.353733
0.998437 -0.003863 -0.055759 -0.023373 0.004004 0.999989 0.002408 -0.001396 0.055749 -0.002628 0.998441 -0.363714
0.998468 0.000508 -0.055328 -0.036303 -0.000460 1.000000 0.000866 -0.000346 0.055328 -0.000839 0.998468 -0.366978
0.998463 0.002126 -0.055381 -0.037288 -0.002210 0.999996 -0.001472 0.001632 0.055378 0.001593 0.998464 -0.376244
0.998417 -0.000181 -0.056250 -0.034858 0.000033 0.999997 -0.002619 -0.001308 0.056250 0.002613 0.998413 -0.382574
0.998399 -0.000238 -0.056565 -0.034381 0.000129 0.999998 -0.001932 -0.004260 0.056565 0.001922 0.998397 -0.388457
0.998402 0.000513 -0.056503 -0.035190 -0.000661 0.999996 -0.002612 0.001272 0.056502 0.002645 0.998399 -0.394322
0.998327 0.001187 -0.057813 -0.037214 -0.001395 0.999993 -0.003569 0.007491 0.057808 0.003644 0.998321 -0.394485
0.998359 -0.003349 -0.057168 -0.029070 0.003269 0.999994 -0.001482 0.006544 0.057173 0.001293 0.998363 -0.397331
0.998464 -0.004525 -0.055214 -0.026071 0.004718 0.999983 0.003362 0.005310 0.055198 -0.003618 0.998469 -0.399350
0.998578 -0.001705 -0.053276 -0.030352 0.001966 0.999986 0.004845 -0.000088 0.053267 -0.004943 0.998568 -0.405827
0.998817 0.000456 -0.048625 -0.032098 -0.000345 0.999997 0.002286 0.000895 0.048626 -0.002267 0.998815 -0.415106
0.999071 0.006283 -0.042642 -0.036349 -0.006234 0.999980 0.001273 0.002267 0.042650 -0.001006 0.999090 -0.428022
0.999326 0.006971 -0.036053 -0.035314 -0.006924 0.999975 0.001431 -0.000831 0.036062 -0.001181 0.999349 -0.442437
0.999515 0.003646 -0.030919 -0.026189 -0.003584 0.999991 0.002048 -0.003758 0.030926 -0.001936 0.999520 -0.454175
0.999595 -0.002834 -0.028312 -0.011413 0.002782 0.999994 -0.001880 0.001929 0.028317 0.001801 0.999597 -0.474395
0.999650 -0.007048 -0.025500 -0.004007 0.006938 0.999966 -0.004372 0.003529 0.025530 0.004193 0.999665 -0.488955
0.999700 -0.005411 -0.023874 -0.006363 0.005305 0.999976 -0.004489 0.005899 0.023898 0.004361 0.999705 -0.508002
0.999736 0.003676 -0.022662 -0.015668 -0.003727 0.999991 -0.002193 0.010441 0.022653 0.002277 0.999741 -0.529243
0.999765 0.007345 -0.020381 -0.021338 -0.007324 0.999973 0.001084 0.009230 0.020389 -0.000934 0.999792 -0.539308
0.999837 0.004700 -0.017409 -0.018544 -0.004656 0.999986 0.002569 0.006792 0.017421 -0.002487 0.999845 -0.556215
0.999895 0.000032 -0.014457 -0.004729 0.000047 0.999985 0.005487 -0.002350 0.014457 -0.005487 0.999880 -0.577308
0.999936 -0.003003 -0.010863 0.001633 0.003053 0.999985 0.004627 -0.003582 0.010849 -0.004659 0.999930 -0.598268
0.999977 0.002068 -0.006392 -0.005156 -0.002071 0.999998 -0.000403 0.002297 0.006391 0.000416 0.999979 -0.620188
0.999979 0.005904 -0.002758 -0.008846 -0.005913 0.999977 -0.003370 0.007669 0.002738 0.003386 0.999991 -0.645897
0.999998 0.001848 0.000479 0.001441 -0.001847 0.999997 -0.001679 0.003829 -0.000482 0.001678 0.999998 -0.666580
0.999998 -0.000973 0.001784 0.010949 0.000973 0.999999 -0.000238 0.003634 -0.001784 0.000240 0.999998 -0.681871
0.999993 -0.003406 0.001465 0.012610 0.003405 0.999994 0.000373 0.005346 -0.001466 -0.000368 0.999999 -0.694822
0.999999 -0.000656 0.001226 0.006892 0.000655 0.999999 0.001277 0.001704 -0.001227 -0.001277 0.999998 -0.714364
1.000000 -0.000029 0.000995 0.005391 0.000028 1.000000 0.000818 0.002949 -0.000995 -0.000818 0.999999 -0.733903
1.000000 -0.000171 0.000866 0.004992 0.000171 1.000000 -0.000567 0.006697 -0.000866 0.000567 0.999999 -0.746684
0.999999 -0.000783 0.000638 0.008344 0.000784 0.999999 -0.001368 0.005729 -0.000637 0.001368 0.999999 -0.765021
0.999999 0.000948 0.000415 0.004321 -0.000948 0.999999 -0.001353 0.008060 -0.000417 0.001352 0.999999 -0.774184
1.000000 0.000718 -0.000547 0.004266 -0.000719 0.999997 -0.002312 0.010012 0.000545 0.002312 0.999997 -0.785942
0.999997 -0.002359 -0.001080 0.010594 0.002357 0.999996 -0.001734 0.011302 0.001084 0.001731 0.999998 -0.797307
0.999999 -0.000783 -0.001072 0.007203 0.000782 0.999999 -0.001117 0.011161 0.001072 0.001116 0.999999 -0.801024
0.999996 0.002572 -0.001042 -0.002106 -0.002575 0.999993 -0.002642 0.010636 0.001035 0.002644 0.999996 -0.806030
0.999998 0.001569 -0.000955 -0.002496 -0.001571 0.999997 -0.001704 0.012645 0.000952 0.001705 0.999998 -0.818929
0.999996 -0.002575 -0.001481 0.005330 0.002574 0.999996 -0.001070 0.018335 0.001484 0.001066 0.999998 -0.821103
0.999997 -0.002361 -0.000525 0.003651 0.002363 0.999986 0.004676 0.009475 0.000514 -0.004677 0.999989 -0.824696
0.999999 0.001632 -0.000418 -0.003982 -0.001630 0.999989 0.004492 0.007615 0.000426 -0.004491 0.999990 -0.828027
1.000000 0.000472 -0.000862 0.000571 -0.000471 0.999999 0.001477 0.009112 0.000863 -0.001476 0.999999 -0.839397
0.999994 -0.003161 -0.001108 0.006439 0.003159 0.999993 -0.002223 0.011874 0.001115 0.002219 0.999997 -0.845704
0.999996 -0.002808 -0.000886 0.008083 0.002804 0.999987 -0.004248 0.016352 0.000898 0.004245 0.999991 -0.846250
0.999999 -0.001285 -0.000034 0.004956 0.001285 0.999985 -0.005235 0.016828 0.000041 0.005235 0.999986 -0.853480
0.999994 -0.003396 -0.000330 0.010262 0.003394 0.999979 -0.005508 0.015568 0.000348 0.005507 0.999985 -0.852923
0.999997 -0.002601 0.000034 0.011314 0.002601 0.999996 -0.001172 0.019543 -0.000031 0.001172 0.999999 -0.848655
0.999995 0.003132 0.001000 0.001183 -0.003139 0.999972 0.006755 0.018422 -0.000979 -0.006758 0.999977 -0.838570
0.999996 0.002469 0.001092 0.001325 -0.002481 0.999935 0.011170 0.004659 -0.001065 -0.011173 0.999937 -0.831422
0.999998 0.002039 0.000554 0.002407 -0.002042 0.999985 0.005180 0.000691 -0.000544 -0.005181 0.999986 -0.834301
0.999998 0.001789 0.001321 0.001944 -0.001781 0.999983 -0.005599 0.013322 -0.001331 0.005597 0.999983 -0.839382
0.999995 0.003100 0.000950 -0.001070 -0.003092 0.999964 -0.007858 0.019378 -0.000975 0.007855 0.999969 -0.839120
0.999999 0.001353 0.000515 0.000905 -0.001351 0.999995 -0.002971 0.017785 -0.000519 0.002970 0.999995 -0.829415
0.999999 -0.001201 -0.000130 0.006373 0.001201 0.999999 0.000639 0.015981 0.000129 -0.000639 1.000000 -0.823627
0.999995 -0.002870 -0.001025 0.009622 0.002871 0.999995 0.001005 0.014394 0.001022 -0.001008 0.999999 -0.819624
0.999997 -0.001715 -0.001752 0.005925 0.001716 0.999998 0.000252 0.012802 0.001751 -0.000255 0.999998 -0.821068
0.999998 -0.000264 -0.002054 0.004118 0.000264 1.000000 -0.000080 0.015709 0.002054 0.000080 0.999998 -0.812133
0.999998 -0.000806 -0.002057 0.004726 0.000807 1.000000 0.000374 0.014664 0.002057 -0.000376 0.999998 -0.807337
0.999997 -0.001446 -0.001969 0.006219 0.001447 0.999999 0.000391 0.013564 0.001969 -0.000393 0.999998 -0.807292
0.999997 -0.001584 -0.001958 0.006714 0.001582 0.999998 -0.000843 0.013624 0.001960 0.000840 0.999998 -0.802289
0.999998 0.000903 -0.002038 0.003572 -0.000906 0.999999 -0.001091 0.015411 0.002037 0.001093 0.999997 -0.796399
0.999998 0.000029 -0.001901 0.006507 -0.000029 1.000000 0.000157 0.015314 0.001901 -0.000157 0.999998 -0.794232
0.999998 0.000117 -0.001783 0.004189 -0.000115 0.999999 0.001012 0.013237 0.001783 -0.001012 0.999998 -0.783016
0.999999 0.000704 -0.000885 0.002980 -0.000703 1.000000 0.000141 0.013744 0.000885 -0.000140 1.000000 -0.780016
0.999997 0.002079 -0.001222 0.001102 -0.002081 0.999997 -0.001294 0.015943 0.001219 0.001296 0.999998 -0.777306
0.999999 0.000525 -0.001469 0.003705 -0.000526 1.000000 -0.000660 0.015531 0.001469 0.000661 0.999999 -0.772789
0.999999 -0.001164 -0.001245 0.005831 0.001164 0.999999 -0.000354 0.014681 0.001246 0.000353 0.999999 -0.763634
0.999998 -0.001541 -0.001258 0.007275 0.001540 0.999998 -0.000849 0.014836 0.001259 0.000847 0.999999 -0.749976
0.999999 -0.001050 -0.000884 0.006913 0.001049 0.999999 -0.001189 0.015374 0.000885 0.001188 0.999999 -0.735065
1.000000 0.000513 -0.000671 0.004456 -0.000514 1.000000 -0.000248 0.015749 0.000670 0.000248 1.000000 -0.716802
1.000000 0.000160 -0.000315 0.006237 -0.000160 0.999997 0.002519 0.015846 0.000315 -0.002519 0.999997 -0.706656
1.000000 0.000211 0.000034 0.003101 -0.000211 0.999996 0.002709 0.013753 -0.000033 -0.002709 0.999996 -0.702559
0.999998 -0.001780 -0.000076 0.007169 0.001780 0.999997 0.001709 0.011771 0.000073 -0.001710 0.999999 -0.700448
1.000000 0.000609 -0.000064 0.004086 -0.000608 1.000000 0.000751 0.013527 0.000065 -0.000751 1.000000 -0.697295
0.999999 0.001504 0.000090 0.001054 -0.001504 0.999999 -0.000270 0.012624 -0.000090 0.000269 1.000000 -0.694464
1.000000 0.000889 -0.000231 0.002453 -0.000889 0.999999 -0.000551 0.012388 0.000230 0.000552 1.000000 -0.689168
0.999993 -0.003838 -0.000310 0.009936 0.003838 0.999993 0.000159 0.012722 0.000309 -0.000160 1.000000 -0.682807
0.999997 -0.002229 0.000299 0.008922 0.002229 0.999997 0.000279 0.014121 -0.000299 -0.000278 1.000000 -0.682031
0.999997 0.002333 0.000159 0.001746 -0.002333 0.999996 -0.001384 0.012129 -0.000162 0.001384 0.999999 -0.684063
0.999999 0.000546 -0.000923 0.002132 -0.000546 1.000000 -0.000588 0.010639 0.000923 0.000588 0.999999 -0.678633
0.999990 -0.002824 -0.003494 0.009046 0.002823 0.999996 -0.000295 0.012221 0.003494 0.000285 0.999994 -0.677350
0.999980 -0.003601 -0.005218 0.010558 0.003600 0.999993 -0.000242 0.013605 0.005219 0.000223 0.999986 -0.674257
0.999976 0.003850 -0.005781 -0.002698 -0.003829 0.999986 0.003740 0.008883 0.005795 -0.003718 0.999976 -0.669401
0.999976 0.002413 -0.006511 -0.003887 -0.002396 0.999994 0.002673 0.007307 0.006517 -0.002657 0.999975 -0.672196
0.999973 -0.000836 -0.007241 0.003110 0.000849 0.999998 0.001701 0.007893 0.007240 -0.001707 0.999972 -0.677246
0.999974 -0.003652 -0.006198 0.008050 0.003649 0.999993 -0.000483 0.009076 0.006200 0.000460 0.999981 -0.682937
0.999986 -0.000393 -0.005354 0.003269 0.000386 0.999999 -0.001232 0.011137 0.005355 0.001230 0.999985 -0.689929
0.999987 -0.002251 -0.004496 0.005247 0.002256 0.999997 0.000905 0.007407 0.004494 -0.000915 0.999989 -0.698538
0.999990 -0.002205 -0.003921 0.005771 0.002203 0.999997 -0.000470 0.008107 0.003922 0.000461 0.999992 -0.702882
0.999997 0.000711 -0.002545 0.003164 -0.000719 0.999995 -0.003161 0.007601 0.002542 0.003163 0.999992 -0.713957
0.999996 0.002186 -0.001666 0.001375 -0.002191 0.999993 -0.003179 0.010338 0.001659 0.003183 0.999994 -0.719828
0.999999 -0.000251 -0.001590 0.006052 0.000247 0.999996 -0.002728 0.013831 0.001591 0.002728 0.999995 -0.724448
0.999999 -0.000929 -0.001113 0.004876 0.000929 1.000000 -0.000159 0.009891 0.001113 0.000158 0.999999 -0.727870
0.999998 0.001832 -0.000360 0.001714 -0.001831 0.999992 0.003618 0.008322 0.000366 -0.003617 0.999993 -0.732055
0.999983 0.005814 -0.000114 -0.005058 -0.005813 0.999977 0.003412 0.008584 0.000134 -0.003411 0.999994 -0.738825
0.999973 0.007278 -0.000605 -0.008288 -0.007276 0.999965 0.004167 0.008176 0.000635 -0.004162 0.999991 -0.746841
0.999999 0.000686 -0.000746 0.002571 -0.000685 0.999999 0.001184 0.004974 0.000747 -0.001184 0.999999 -0.749076
0.999998 -0.002106 -0.000413 0.009147 0.002105 0.999996 -0.002033 0.009709 0.000417 0.002032 0.999998 -0.754175
1.000000 0.000299 0.000208 0.004375 -0.000298 0.999988 -0.004972 0.014208 -0.000209 0.004972 0.999988 -0.757557
0.999998 0.001905 -0.000185 0.001508 -0.001905 0.999996 -0.002274 0.016071 0.000181 0.002274 0.999997 -0.751476
0.999999 -0.000169 -0.001045 0.005932 0.000169 1.000000 -0.000431 0.015826 0.001045 0.000431 0.999999 -0.752053
0.999996 -0.002023 -0.001816 0.009740 0.002025 0.999997 0.001049 0.014501 0.001814 -0.001053 0.999998 -0.749736
0.999997 -0.000787 -0.002110 0.005228 0.000788 0.999999 0.000785 0.011524 0.002110 -0.000787 0.999997 -0.745882
0.999997 0.001221 -0.002175 0.004127 -0.001220 0.999999 0.000100 0.012062 0.002175 -0.000097 0.999998 -0.749794
0.999998 0.000618 -0.001741 0.001279 -0.000617 1.000000 0.000095 0.011327 0.001741 -0.000094 0.999998 -0.747911
0.999998 -0.000070 -0.001925 0.004128 0.000069 1.000000 -0.000310 0.011772 0.001925 0.000310 0.999998 -0.754983
0.999997 -0.002020 -0.001579 0.007214 0.002021 0.999998 0.000619 0.010368 0.001578 -0.000622 0.999999 -0.755739
0.999999 0.000369 -0.000983 0.003224 -0.000367 0.999999 0.001525 0.011037 0.000983 -0.001525 0.999998 -0.758367
0.999999 -0.001223 -0.000951 0.009399 0.001224 0.999999 0.000519 0.009804 0.000950 -0.000520 0.999999 -0.768975
0.999999 -0.000021 -0.001232 0.005191 0.000022 1.000000 0.000399 0.007785 0.001232 -0.000399 0.999999 -0.771695
0.999999 0.000645 -0.001046 0.006257 -0.000647 0.999998 -0.001763 0.011231 0.001044 0.001764 0.999998 -0.785103
0.999997 -0.002295 -0.001039 0.008416 0.002293 0.999995 -0.002027 0.011013 0.001044 0.002024 0.999997 -0.787034
0.999994 -0.002899 -0.001716 0.009381 0.002896 0.999994 -0.001731 0.011372 0.001721 0.001726 0.999997 -0.793862
0.999996 0.001666 -0.002085 0.006573 -0.001667 0.999998 -0.000689 0.011619 0.002084 0.000692 0.999998 -0.804789
0.999997 0.001388 -0.001873 0.005800 -0.001387 0.999999 0.000542 0.010290 0.001873 -0.000540 0.999998 -0.802396
0.999997 -0.000547 -0.002205 0.005449 0.000550 0.999999 0.001400 0.009475 0.002204 -0.001401 0.999997 -0.807790
0.999997 0.001668 -0.001547 0.005418 -0.001663 0.999993 0.003417 0.008598 0.001553 -0.003415 0.999993 -0.817409
0.999998 0.002144 -0.000464 0.002522 -0.002142 0.999991 0.003722 0.008094 0.000472 -0.003721 0.999993 -0.819633
0.999999 0.001146 -0.001075 0.001930 -0.001142 0.999992 0.003861 0.007355 0.001079 -0.003859 0.999992 -0.820791
0.999997 0.002262 0.000403 0.000546 -0.002262 0.999997 0.000826 0.007424 -0.000401 -0.000827 1.000000 -0.833132
0.999992 0.003922 0.000437 -0.001597 -0.003921 0.999992 -0.001177 0.011116 -0.000441 0.001176 0.999999 -0.838537
1.000000 0.000666 0.000018 0.006834 -0.000666 0.999998 -0.002015 0.011338 -0.000019 0.002015 0.999998 -0.851949
1.000000 -0.000456 0.000769 0.008943 0.000457 0.999999 -0.001493 0.010458 -0.000768 0.001493 0.999999 -0.851586
0.999998 -0.001045 0.001718 0.009017 0.001049 0.999997 -0.002370 0.014080 -0.001716 0.002372 0.999996 -0.855883
0.999998 0.000680 0.001645 0.006554 -0.000674 0.999994 -0.003305 0.013918 -0.001647 0.003304 0.999993 -0.862096
0.999998 0.000812 0.001760 0.005544 -0.000806 0.999994 -0.003408 0.014122 -0.001763 0.003406 0.999993 -0.865337
0.999997 -0.001736 0.001539 0.009557 0.001736 0.999998 -0.000033 0.017221 -0.001539 0.000035 0.999999 -0.859161
0.999998 0.001243 0.001470 0.006114 -0.001249 0.999991 0.004117 0.014010 -0.001465 -0.004118 0.999990 -0.858897
0.999998 0.000637 0.001848 0.006627 -0.000649 0.999980 0.006274 0.007874 -0.001844 -0.006276 0.999979 -0.860910
0.999997 -0.001999 0.001495 0.009988 0.001993 0.999991 0.003793 0.005845 -0.001503 -0.003790 0.999992 -0.867177
0.999998 -0.001398 0.001556 0.007044 0.001402 0.999996 -0.002482 0.013465 -0.001553 0.002484 0.999996 -0.863452
0.999999 0.000321 0.000972 0.005650 -0.000318 0.999997 -0.002611 0.014313 -0.000972 0.002610 0.999996 -0.859794
0.999999 0.001198 0.000629 0.004522 -0.001197 0.999998 -0.001751 0.014483 -0.000632 0.001751 0.999998 -0.877302
0.999999 -0.000635 0.000853 0.005333 0.000635 1.000000 -0.000290 0.014092 -0.000853 0.000290 1.000000 -0.871115
1.000000 -0.000716 0.000468 0.008234 0.000716 1.000000 0.000068 0.014733 -0.000468 -0.000068 1.000000 -0.873077
0.999996 0.002712 0.000731 0.001051 -0.002710 0.999994 -0.002181 0.014771 -0.000737 0.002179 0.999997 -0.872635
0.999995 0.002825 0.001331 -0.003525 -0.002823 0.999995 -0.001093 0.017621 -0.001334 0.001090 0.999999 -0.869273
0.999997 0.002367 0.000860 -0.001911 -0.002368 0.999997 0.000930 0.016124 -0.000858 -0.000932 0.999999 -0.864685
0.999999 0.000920 0.000842 0.002633 -0.000922 0.999997 0.002052 0.013951 -0.000840 -0.002053 0.999998 -0.865612
0.999996 -0.002595 0.000950 0.007395 0.002593 0.999995 0.001862 0.010950 -0.000955 -0.001860 0.999998 -0.864077
0.999988 -0.004952 0.000526 0.012497 0.004954 0.999981 -0.003733 0.014584 -0.000508 0.003735 0.999993 -0.861043
0.999989 -0.004692 -0.000025 0.011642 0.004691 0.999988 -0.001527 0.019579 0.000032 0.001527 0.999999 -0.858893
0.999993 -0.003533 -0.001135 0.011766 0.003534 0.999993 0.000785 0.017858 0.001132 -0.000789 0.999999 -0.853763
0.999993 -0.003398 -0.001349 0.013069 0.003405 0.999981 0.005078 0.012277 0.001332 -0.005083 0.999986 -0.840765
0.999999 -0.000790 -0.000787 0.006426 0.000792 0.999996 0.002602 0.011462 0.000785 -0.002603 0.999996 -0.838896
1.000000 0.000738 -0.000396 0.003417 -0.000738 1.000000 0.000311 0.014018 0.000396 -0.000310 1.000000 -0.840125
0.999999 0.001304 -0.000503 0.002853 -0.001304 0.999999 -0.000777 0.016862 0.000502 0.000778 1.000000 -0.833057
0.999999 0.001291 -0.000635 0.003568 -0.001291 0.999999 0.000515 0.016317 0.000635 -0.000514 1.000000 -0.828309
0.999999 0.001483 -0.000448 0.002040 -0.001481 0.999994 0.003030 0.014726 0.000453 -0.003029 0.999995 -0.820288
1.000000 -0.000278 -0.000464 0.003092 0.000279 0.999999 0.001415 0.013069 0.000463 -0.001415 0.999999 -0.817240
0.999998 -0.001508 -0.001038 0.005510 0.001509 0.999999 0.000611 0.011497 0.001037 -0.000613 0.999999 -0.815990
0.999998 -0.000818 -0.001898 0.004949 0.000816 0.999999 -0.000805 0.009496 0.001899 0.000804 0.999998 -0.816657
0.999996 -0.000050 -0.002800 -0.000722 0.000053 0.999999 0.001170 0.015908 0.002800 -0.001170 0.999995 -0.805488
0.999995 -0.000380 -0.003219 0.005083 0.000389 0.999996 0.002775 0.011301 0.003218 -0.002776 0.999991 -0.799030
0.999992 -0.001695 -0.003499 0.009589 0.001701 0.999997 0.001617 0.009081 0.003496 -0.001622 0.999993 -0.788264
0.999994 0.000368 -0.003349 0.006767 -0.000368 1.000000 0.000104 0.010959 0.003350 -0.000103 0.999994 -0.793680
0.999995 0.001284 -0.002878 0.002451 -0.001289 0.999998 -0.001540 0.013978 0.002876 0.001544 0.999995 -0.791046
0.999995 0.001535 -0.002625 0.002677 -0.001533 0.999999 0.000744 0.012458 0.002626 -0.000740 0.999996 -0.785140
0.999988 -0.004485 -0.001734 0.010350 0.004494 0.999977 0.005074 0.011738 0.001711 -0.005082 0.999986 -0.778218
0.999996 -0.002286 -0.001692 0.009806 0.002298 0.999971 0.007312 0.009939 0.001675 -0.007316 0.999972 -0.773315
0.999987 0.004319 -0.002765 -0.002267 -0.004312 0.999988 0.002454 0.002685 0.002775 -0.002442 0.999993 -0.777123
0.999994 0.001989 -0.002919 0.000360 -0.001995 0.999996 -0.001935 0.005285 0.002915 0.001941 0.999994 -0.780213
0.999993 -0.001748 -0.003381 0.008022 0.001722 0.999969 -0.007648 0.017413 0.003394 0.007642 0.999965 -0.782712
0.999997 -0.001132 -0.002253 0.007147 0.001127 0.999997 -0.002055 0.018090 0.002256 0.002052 0.999995 -0.779785
0.999998 -0.000416 -0.001827 0.004219 0.000421 0.999995 0.003121 0.009821 0.001826 -0.003122 0.999993 -0.767806
0.999993 -0.002706 -0.002735 0.008038 0.002716 0.999989 0.003946 0.007800 0.002724 -0.003953 0.999988 -0.764100
0.999996 -0.000631 -0.002614 0.007079 0.000638 0.999996 0.002604 0.010870 0.002612 -0.002606 0.999993 -0.756334
0.999991 0.003755 -0.001999 -0.003769 -0.003747 0.999986 0.003649 0.013329 0.002013 -0.003641 0.999991 -0.750176
0.999998 0.000071 -0.002048 0.002944 -0.000062 0.999990 0.004487 0.008511 0.002049 -0.004487 0.999988 -0.746461
0.999995 -0.001058 -0.003015 0.006262 0.001065 0.999997 0.002372 0.005583 0.003012 -0.002375 0.999993 -0.748008
0.999997 0.000733 -0.002160 0.000955 -0.000739 0.999996 -0.002655 0.010757 0.002159 0.002656 0.999994 -0.752237
0.999984 0.003801 -0.004254 -0.003021 -0.003819 0.999984 -0.004187 0.013567 0.004238 0.004203 0.999982 -0.747226
0.999980 0.002036 -0.005923 0.002324 -0.002046 0.999996 -0.001739 0.011718 0.005920 0.001751 0.999981 -0.749964
0.999979 -0.001507 -0.006329 0.005749 0.001500 0.999998 -0.000998 0.011500 0.006330 0.000988 0.999979 -0.744192
0.999962 -0.001435 -0.008639 0.004788 0.001441 0.999999 0.000643 0.011104 0.008638 -0.000655 0.999962 -0.740233
0.999941 -0.001227 -0.010782 0.003245 0.001234 0.999999 0.000712 0.010560 0.010781 -0.000725 0.999942 -0.740984
0.999924 -0.000198 -0.012302 0.001426 0.000211 0.999999 0.001005 0.010393 0.012301 -0.001007 0.999924 -0.734064
0.999917 0.000219 -0.012908 0.000404 -0.000209 1.000000 0.000791 0.009196 0.012909 -0.000788 0.999916 -0.730858
0.999924 0.002278 -0.012090 -0.007013 -0.002284 0.999997 -0.000496 0.011091 0.012088 0.000524 0.999927 -0.732210
0.999932 0.002578 -0.011379 -0.010693 -0.002585 0.999996 -0.000593 0.012362 0.011377 0.000623 0.999935 -0.731509
0.999937 0.003491 -0.010676 -0.006233 -0.003500 0.999993 -0.000912 0.012085 0.010673 0.000949 0.999943 -0.725629
0.999941 0.005399 -0.009408 -0.007711 -0.005406 0.999985 -0.000728 0.011633 0.009404 0.000778 0.999955 -0.730158
0.999956 0.004722 -0.008097 -0.007605 -0.004733 0.999988 -0.001278 0.013184 0.008091 0.001316 0.999966 -0.721139
0.999978 -0.000107 -0.006576 -0.001330 0.000108 1.000000 0.000144 0.013749 0.006576 -0.000145 0.999978 -0.717397
0.999982 0.003344 -0.005042 -0.002595 -0.003359 0.999990 -0.002928 0.009683 0.005032 0.002945 0.999983 -0.720139
0.999980 0.005960 -0.002335 -0.007833 -0.005971 0.999972 -0.004405 0.010997 0.002308 0.004419 0.999988 -0.718145
0.999980 0.006221 -0.001146 -0.009836 -0.006225 0.999976 -0.003135 0.013166 0.001126 0.003142 0.999994 -0.714048
0.999997 0.002257 -0.000872 -0.001984 -0.002259 0.999995 -0.002268 0.017177 0.000866 0.002270 0.999997 -0.706026
0.999997 0.002411 0.000491 -0.003159 -0.002413 0.999984 0.005126 0.009772 -0.000478 -0.005127 0.999987 -0.696359
0.999999 -0.000266 0.001493 0.002592 0.000261 0.999994 0.003570 0.007069 -0.001494 -0.003569 0.999993 -0.689190
0.999998 0.001992 0.000872 0.000026 -0.001991 0.999998 -0.000558 0.007404 -0.000873 0.000556 0.999999 -0.687773
0.999997 0.001232 0.002014 -0.002191 -0.001229 0.999998 -0.001865 0.007883 -0.002016 0.001863 0.999996 -0.685850
0.999996 0.001981 0.002153 -0.002840 -0.001973 0.999992 -0.003440 0.018165 -0.002160 0.003436 0.999992 -0.681872
0.999999 0.000668 0.001567 0.001899 -0.000669 1.000000 0.000438 0.013344 -0.001566 -0.000439 0.999999 -0.674286
0.999996 0.001210 0.002691 0.001476 -0.001216 0.999997 0.002257 0.008419 -0.002688 -0.002260 0.999994 -0.663978
0.999988 0.001777 0.004545 0.001295 -0.001783 0.999998 0.001297 0.009182 -0.004543 -0.001305 0.999989 -0.661081
0.999983 0.001394 0.005735 0.001686 -0.001386 0.999998 -0.001275 0.010060 -0.005736 0.001268 0.999983 -0.659411
0.999981 0.001764 0.005835 0.001099 -0.001751 0.999996 -0.002205 0.012947 -0.005839 0.002195 0.999981 -0.655032
0.999987 -0.000131 0.005086 0.002140 0.000141 0.999998 -0.002025 0.014564 -0.005085 0.002026 0.999985 -0.646868
0.999991 0.000014 0.004254 0.004546 -0.000010 1.000000 -0.000937 0.014350 -0.004254 0.000937 0.999991 -0.640391
0.999991 0.000938 0.004040 0.003476 -0.000931 0.999998 -0.001700 0.011936 -0.004041 0.001696 0.999990 -0.637400
0.999987 0.003235 0.003944 -0.000775 -0.003226 0.999992 -0.002381 0.011719 -0.003952 0.002369 0.999989 -0.631929
0.999990 0.002053 0.003928 -0.000724 -0.002045 0.999996 -0.002180 0.011775 -0.003932 0.002172 0.999990 -0.626866
0.999993 -0.001716 0.003433 0.007916 0.001719 0.999998 -0.001028 0.015617 -0.003431 0.001034 0.999994 -0.619942
0.999989 -0.002735 0.003909 0.010551 0.002729 0.999995 0.001605 0.013881 -0.003913 -0.001595 0.999991 -0.612825
0.999987 0.001345 0.004837 0.004762 -0.001361 0.999994 0.003286 0.009389 -0.004833 -0.003293 0.999983 -0.606524
0.999981 0.002026 0.005798 0.001949 -0.002044 0.999993 0.002979 0.006070 -0.005792 -0.002991 0.999979 -0.598986
0.999976 -0.000487 0.006876 0.008845 0.000479 0.999999 0.001104 0.006324 -0.006876 -0.001100 0.999976 -0.598542
0.999957 -0.003001 0.008786 0.014377 0.003010 0.999995 -0.000972 0.009558 -0.008783 0.000998 0.999961 -0.595328
0.999940 -0.000282 0.010935 0.013031 0.000303 0.999998 -0.001909 0.010156 -0.010935 0.001912 0.999938 -0.592132
0.999920 0.001443 0.012535 0.008870 -0.001424 0.999998 -0.001513 0.009131 -0.012537 0.001496 0.999920 -0.586714
0.999908 0.000201 0.013596 0.010878 -0.000183 0.999999 -0.001278 0.010432 -0.013596 0.001276 0.999907 -0.583498
0.999875 -0.000427 0.015811 0.013901 0.000434 1.000000 -0.000500 0.010806 -0.015811 0.000507 0.999875 -0.578780
0.999820 -0.000262 0.018983 0.011568 0.000279 1.000000 -0.000867 0.010316 -0.018983 0.000872 0.999819 -0.570482
0.999774 -0.000484 0.021235 0.014997 0.000501 1.000000 -0.000769 0.009303 -0.021235 0.000780 0.999774 -0.566827
0.999746 -0.003136 0.022320 0.020877 0.003138 0.999995 -0.000051 0.010683 -0.022319 0.000121 0.999751 -0.564621
0.999740 -0.005242 0.022186 0.023911 0.005214 0.999986 0.001320 0.013671 -0.022192 -0.001204 0.999753 -0.557175
0.999757 -0.005342 0.021405 0.023532 0.005310 0.999985 0.001549 0.011189 -0.021412 -0.001435 0.999770 -0.554749
0.999794 -0.005931 0.019397 0.023177 0.005913 0.999982 0.000957 0.007772 -0.019402 -0.000842 0.999811 -0.556301
0.999862 -0.006583 0.015232 0.023971 0.006587 0.999978 -0.000171 0.007679 -0.015231 0.000271 0.999884 -0.556656
0.999918 -0.008378 0.009644 0.023616 0.008395 0.999963 -0.001741 0.010108 -0.009629 0.001822 0.999952 -0.556465
0.999963 -0.008143 0.002649 0.019274 0.008149 0.999964 -0.002388 0.012345 -0.002630 0.002410 0.999994 -0.557084
