1.000000 0.000000 0.000000 0.000000 0.000000 1.000000 0.000000 0.000000 0.000000 0.000000 1.000000 0.000000
0.999998 -0.000641 -0.001724 0.010173 0.000643 0.999999 0.000872 0.019135 0.001723 -0.000873 0.999998 -1.214143
0.999999 -0.000329 -0.001320 0.006843 0.000328 1.000000 -0.000553 0.020501 0.001320 0.000553 0.999999 -1.207959
0.999999 0.000700 -0.000948 0.006364 -0.000701 1.000000 -0.000402 0.021307 0.000948 0.000403 0.999999 -1.211108
1.000000 0.000408 -0.000696 0.005400 -0.000408 1.000000 -0.000105 0.020690 0.000696 0.000105 1.000000 -1.199598
1.000000 0.000369 -0.000780 0.006192 -0.000369 1.000000 -0.000121 0.020583 0.000780 0.000121 1.000000 -1.197545
1.000000 -0.000293 -0.000645 0.006172 0.000293 1.000000 0.000869 0.020795 0.000645 -0.000869 0.999999 -1.198710
1.000000 0.000410 -0.000524 0.002406 -0.000410 1.000000 0.000341 0.019282 0.000525 -0.000341 1.000000 -1.197894
1.000000 0.000689 0.000231 0.001333 -0.000689 0.999999 -0.001571 0.022023 -0.000232 0.001571 0.999999 -1.193966
0.999998 0.000856 0.001547 0.001682 -0.000854 0.999999 -0.001046 0.024987 -0.001548 0.001045 0.999998 -1.197319
0.999996 0.001262 0.002559 0.004744 -0.001263 0.999999 0.000390 0.022125 -0.002559 -0.000393 0.999997 -1.194822
0.999998 -0.000193 0.002159 0.007360 0.000192 1.000000 0.000428 0.020616 -0.002159 -0.000427 0.999998 -1.199151
0.999999 -0.000221 0.001284 0.008301 0.000221 1.000000 0.000151 0.020382 -0.001284 -0.000151 0.999999 -1.195918
0.999999 -0.001443 0.000865 0.009706 0.001443 0.999999 0.000150 0.020225 -0.000865 -0.000148 1.000000 -1.201029
1.000000 0.000501 0.000403 0.012812 -0.000501 1.000000 -0.000102 0.022171 -0.000403 0.000102 1.000000 -1.205164
1.000000 0.000715 0.000354 0.012309 -0.000715 1.000000 -0.000536 0.023296 -0.000355 0.000535 1.000000 -1.208000
1.000000 0.000494 0.000406 0.010206 -0.000494 1.000000 -0.000284 0.023283 -0.000406 0.000284 1.000000 -1.204915
1.000000 -0.000186 0.000681 0.009834 0.000185 1.000000 0.000912 0.021045 -0.000681 -0.000912 0.999999 -1.204564
1.000000 0.000364 0.000592 0.007035 -0.000364 1.000000 0.000865 0.018071 -0.000592 -0.000865 0.999999 -1.200555
0.999999 -0.000628 0.000898 0.006361 0.000629 1.000000 -0.000609 0.020842 -0.000898 0.000609 0.999999 -1.200393
0.999999 0.000381 0.000927 0.004478 -0.000381 1.000000 0.000057 0.023167 -0.000927 -0.000058 1.000000 -1.209426
1.000000 0.000253 0.000957 0.004917 -0.000253 1.000000 0.000630 0.021512 -0.000957 -0.000630 0.999999 -1.209916
0.999999 -0.000246 0.001088 0.001089 0.000247 1.000000 -0.000638 0.018483 -0.001087 0.000638 0.999999 -1.209686
0.999998 0.001491 0.000989 0.002449 -0.001489 0.999997 -0.001761 0.021614 -0.000991 0.001759 0.999998 -1.233165
0.999999 0.000380 0.000986 0.004410 -0.000380 1.000000 -0.000024 0.019806 -0.000986 0.000024 1.000000 -1.202208
0.999999 0.000969 0.000965 0.003622 -0.000970 0.999999 0.000854 0.020241 -0.000964 -0.000855 0.999999 -1.203189
0.999999 0.000696 0.001151 0.003177 -0.000697 0.999999 0.000919 0.021560 -0.001150 -0.000920 0.999999 -1.198718
1.000000 -0.000421 0.000898 0.006190 0.000421 1.000000 -0.000065 0.020188 -0.000898 0.000065 1.000000 -1.196644
0.999999 0.000743 0.000781 0.005364 -0.000742 1.000000 -0.000620 0.022403 -0.000781 0.000619 1.000000 -1.200156
1.000000 0.000541 0.000823 0.004522 -0.000541 1.000000 -0.000209 0.019035 -0.000823 0.000209 1.000000 -1.195896
1.000000 0.000690 0.000724 0.004863 -0.000690 1.000000 0.000116 0.019666 -0.000724 -0.000117 1.000000 -1.201888
1.000000 0.000147 0.000692 0.002655 -0.000147 1.000000 0.000115 0.017903 -0.000692 -0.000115 1.000000 -1.199267
1.000000 0.000910 0.000119 0.007204 -0.000910 0.999999 -0.000510 0.018296 -0.000119 0.000509 1.000000 -1.214147
1.000000 -0.000181 -0.000228 0.010937 0.000181 0.999999 -0.001180 0.019213 0.000228 0.001180 0.999999 -1.216249
1.000000 -0.000355 0.000201 0.003174 0.000355 1.000000 -0.000852 0.022954 -0.000201 0.000852 1.000000 -1.207383
1.000000 -0.000621 -0.000046 0.011005 0.000621 1.000000 0.000448 0.021197 0.000046 -0.000448 1.000000 -1.211650
0.999999 -0.000964 -0.000437 0.016990 0.000964 1.000000 0.000071 0.018418 0.000437 -0.000072 1.000000 -1.215585
0.999996 -0.002559 -0.000863 0.020121 0.002557 0.999995 -0.001763 0.020590 0.000868 0.001761 0.999998 -1.212598
0.999998 0.000079 -0.001733 0.013368 -0.000085 0.999995 -0.003018 0.023394 0.001733 0.003018 0.999994 -1.215775
0.999998 -0.000404 -0.001809 0.011127 0.000399 0.999996 -0.002859 0.024374 0.001811 0.002858 0.999994 -1.208280
0.999998 -0.000157 -0.001777 0.014625 0.000151 0.999994 -0.003316 0.023334 0.001778 0.003316 0.999993 -1.217570
0.999999 0.000956 -0.001310 0.009047 -0.000958 0.999999 -0.001288 0.023824 0.001309 0.001289 0.999998 -1.213545
0.999997 0.002088 -0.001521 0.007010 -0.002086 0.999997 0.001583 0.018058 0.001525 -0.001579 0.999998 -1.212327
0.999999 -0.000674 -0.000909 0.004309 0.000675 0.999998 0.001847 0.016408 0.000907 -0.001848 0.999998 -1.210611
1.000000 -0.000253 -0.000876 0.007198 0.000253 1.000000 0.000611 0.015822 0.000875 -0.000611 0.999999 -1.218636
1.000000 0.000563 0.000043 0.004725 -0.000563 1.000000 0.000549 0.019379 -0.000043 -0.000549 1.000000 -1.209346
0.999999 0.000989 0.001173 -0.001783 -0.000990 0.999999 0.001075 0.020431 -0.001172 -0.001077 0.999999 -1.202628
0.999999 -0.000104 0.001675 0.007097 0.000105 1.000000 -0.000409 0.020382 -0.001674 0.000409 0.999999 -1.210775
0.999999 0.000383 0.001477 0.005703 -0.000381 0.999999 -0.001267 0.023293 -0.001478 0.001267 0.999998 -1.203923
0.999999 0.000415 0.001344 0.002499 -0.000415 1.000000 -0.000253 0.021310 -0.001344 0.000252 0.999999 -1.209385
0.999999 -0.000740 0.000976 0.007814 0.000739 1.000000 0.000212 0.022568 -0.000977 -0.000212 1.000000 -1.210688
1.000000 -0.000173 0.000769 0.005630 0.000172 1.000000 0.000255 0.020093 -0.000769 -0.000255 1.000000 -1.205123
0.999999 0.001115 0.000083 0.009673 -0.001115 0.999999 0.000534 0.021733 -0.000082 -0.000534 1.000000 -1.211794
0.999999 0.001240 -0.000049 0.011253 -0.001240 0.999999 0.001018 0.020400 0.000050 -0.001018 0.999999 -1.213701
1.000000 0.000492 0.000635 0.003123 -0.000491 0.999999 -0.001333 0.023005 -0.000635 0.001333 0.999999 -1.205235
1.000000 0.000208 0.000115 0.009288 -0.000208 0.999999 -0.001559 0.024859 -0.000115 0.001559 0.999999 -1.213258
1.000000 -0.000549 0.000203 0.007797 0.000549 0.999999 0.001624 0.021934 -0.000204 -0.001624 0.999999 -1.206673
0.999999 -0.001668 0.000155 0.009688 0.001667 0.999998 0.001198 0.018752 -0.000157 -0.001197 0.999999 -1.197282
0.999998 -0.002047 0.000326 0.007444 0.002047 0.999998 -0.000387 0.022665 -0.000325 0.000387 1.000000 -1.198868
0.999999 -0.001647 -0.000028 0.009499 0.001647 0.999999 -0.000222 0.022999 0.000029 0.000222 1.000000 -1.194111
0.999999 -0.001405 -0.000227 0.010898 0.001405 0.999999 -0.000449 0.021691 0.000227 0.000449 1.000000 -1.191509
1.000000 -0.000400 -0.000839 0.006872 0.000399 0.999999 -0.001060 0.023748 0.000840 0.001059 0.999999 -1.192566
0.999998 -0.001639 -0.001447 0.002785 0.001638 0.999998 -0.000756 0.022208 0.001449 0.000754 0.999999 -1.174632
0.999996 0.001578 -0.002449 0.004823 -0.001572 0.999997 0.002073 0.023137 0.002452 -0.002069 0.999995 -1.187840
0.999993 0.003006 -0.002192 0.001219 -0.002995 0.999983 0.004963 0.017222 0.002207 -0.004957 0.999985 -1.180900
0.999997 -0.000721 -0.002342 0.006057 0.000722 1.000000 0.000319 0.018113 0.002342 -0.000321 0.999997 -1.178948
0.999996 0.001144 -0.002754 0.003315 -0.001154 0.999993 -0.003665 0.025505 0.002750 0.003669 0.999989 -1.180274
0.999994 -0.000393 -0.003385 0.009332 0.000388 0.999999 -0.001341 0.023427 0.003386 0.001339 0.999993 -1.168752
0.999991 -0.000243 -0.004169 0.009335 0.000250 0.999998 0.001848 0.018619 0.004169 -0.001849 0.999990 -1.170625
0.999994 0.000730 -0.003340 0.004891 -0.000720 0.999995 0.003033 0.019242 0.003343 -0.003031 0.999990 -1.165791
0.999993 0.001443 -0.003484 0.007329 -0.001432 0.999993 0.003340 0.018923 0.003488 -0.003335 0.999988 -1.153308
0.999994 0.000555 -0.003375 0.005403 -0.000551 0.999999 0.000995 0.019585 0.003376 -0.000993 0.999994 -1.156932
0.999994 0.000267 -0.003452 0.003846 -0.000273 0.999998 -0.001758 0.021975 0.003451 0.001759 0.999992 -1.161972
0.999992 -0.001061 -0.003755 0.007792 0.001059 0.999999 -0.000444 0.022145 0.003756 0.000440 0.999993 -1.149601
0.999992 0.000514 -0.004019 0.015122 -0.000506 0.999998 0.002109 0.020716 0.004021 -0.002107 0.999990 -1.163113
0.999995 0.000212 -0.003104 0.005072 -0.000204 0.999997 0.002329 0.017707 0.003105 -0.002329 0.999992 -1.150849
0.999995 -0.000019 -0.003299 0.007179 0.000020 1.000000 0.000341 0.018313 0.003299 -0.000341 0.999995 -1.156623
0.999995 0.001271 -0.002734 0.002929 -0.001274 0.999999 -0.001164 0.018599 0.002732 0.001167 0.999996 -1.162389
0.999996 0.000488 -0.002624 0.004186 -0.000492 0.999999 -0.001358 0.017263 0.002623 0.001359 0.999996 -1.165497
0.999997 0.000696 -0.002350 0.001623 -0.000700 0.999998 -0.001769 0.020398 0.002349 0.001771 0.999996 -1.167706
0.999997 0.001541 -0.002136 0.002461 -0.001543 0.999998 -0.000999 0.021091 0.002134 0.001002 0.999997 -1.155643
0.999997 0.001100 -0.002183 0.006352 -0.001095 0.999997 0.002348 0.017403 0.002186 -0.002345 0.999995 -1.162143
0.999997 0.001473 -0.002016 0.007970 -0.001465 0.999992 0.003661 0.011377 0.002021 -0.003658 0.999991 -1.176965
0.999998 -0.000590 -0.001824 0.006960 0.000595 0.999996 0.002914 0.011615 0.001822 -0.002915 0.999994 -1.170372
0.999999 -0.000100 -0.001551 0.004510 0.000102 1.000000 0.000955 0.013545 0.001551 -0.000955 0.999998 -1.177101
1.000000 -0.000155 -0.000285 0.005680 0.000155 1.000000 -0.000588 0.016502 0.000285 0.000588 1.000000 -1.187120
1.000000 -0.000253 0.000891 0.000619 0.000255 0.999998 -0.001822 0.018969 -0.000891 0.001822 0.999998 -1.207953
0.999999 0.000516 0.001481 0.001108 -0.000514 0.999999 -0.001373 0.016592 -0.001482 0.001372 0.999998 -1.210072
0.999998 -0.000549 0.002128 0.000192 0.000550 1.000000 -0.000808 0.015037 -0.002127 0.000809 0.999997 -1.220678
0.999996 -0.000174 0.002721 -0.000579 0.000176 1.000000 -0.000492 0.018772 -0.002721 0.000492 0.999996 -1.220197
0.999995 -0.000557 0.003227 0.002408 0.000557 1.000000 0.000126 0.016181 -0.003227 -0.000125 0.999995 -1.220373
0.999992 -0.001361 0.003834 0.007597 0.001359 0.999999 0.000455 0.017113 -0.003834 -0.000450 0.999993 -1.212731
0.999992 -0.000052 0.004088 0.002352 0.000054 1.000000 -0.000410 0.017928 -0.004088 0.000410 0.999992 -1.218770
0.999992 -0.000564 0.003925 0.010588 0.000568 0.999999 -0.001003 0.020033 -0.003925 0.001005 0.999992 -1.215970
0.999991 -0.000203 0.004336 0.005445 0.000206 1.000000 -0.000882 0.021233 -0.004336 0.000882 0.999990 -1.222442
0.999989 0.000044 0.004597 0.002434 -0.000041 1.000000 -0.000532 0.018310 -0.004597 0.000532 0.999989 -1.234453
0.999988 -0.000655 0.004857 0.003699 0.000655 1.000000 -0.000029 0.016693 -0.004857 0.000032 0.999988 -1.231547
0.999987 -0.000750 0.005118 0.003842 0.000750 1.000000 0.000122 0.018879 -0.005118 -0.000118 0.999987 -1.228975
0.999987 -0.000410 0.004984 0.008335 0.000408 1.000000 0.000339 0.018923 -0.004984 -0.000337 0.999988 -1.226959
0.999988 -0.001034 0.004684 0.008955 0.001032 0.999999 0.000568 0.020486 -0.004685 -0.000564 0.999989 -1.224791
0.999991 -0.001947 0.003639 0.005877 0.001947 0.999998 0.000036 0.018547 -0.003640 -0.000029 0.999993 -1.239239
0.999996 -0.002030 0.002199 0.006635 0.002030 0.999998 -0.000056 0.019569 -0.002199 0.000060 0.999998 -1.234872
0.999999 -0.001100 0.001243 0.005886 0.001100 0.999999 0.000276 0.020368 -0.001243 -0.000274 0.999999 -1.244507
0.999997 -0.002139 0.001254 0.005872 0.002139 0.999998 -0.000174 0.018515 -0.001253 0.000177 0.999999 -1.243437
0.999999 -0.001247 0.001111 0.006343 0.001248 0.999999 -0.000876 0.020573 -0.001110 0.000877 0.999999 -1.245356
1.000000 0.000188 0.000704 0.007999 -0.000188 1.000000 -0.000453 0.022021 -0.000704 0.000452 1.000000 -1.244339
0.999992 -0.003879 0.000986 0.010441 0.003881 0.999991 -0.001984 0.019211 -0.000978 0.001988 0.999998 -1.246746
0.999999 -0.001014 0.000763 0.010534 0.001017 0.999994 -0.003197 0.021906 -0.000760 0.003198 0.999995 -1.258846
0.999999 0.001111 0.000424 0.013029 -0.001111 0.999999 0.000467 0.018293 -0.000423 -0.000468 1.000000 -1.263616
1.000000 -0.000016 0.000604 0.009374 0.000015 0.999999 0.001604 0.014794 -0.000604 -0.001604 0.999999 -1.259779
0.999995 0.002931 0.001055 0.001716 -0.002930 0.999995 -0.000963 0.018455 -0.001058 0.000960 0.999999 -1.265147
0.999997 0.002109 0.001085 0.004310 -0.002107 0.999996 -0.001852 0.021520 -0.001089 0.001850 0.999998 -1.266484
0.999994 0.003374 0.000230 0.008289 -0.003374 0.999993 -0.001754 0.020108 -0.000236 0.001753 0.999998 -1.277399
0.999998 0.001885 0.000436 0.004689 -0.001885 0.999998 -0.001056 0.024040 -0.000438 0.001055 0.999999 -1.279764
0.999991 0.004180 -0.000150 0.004643 -0.004180 0.999989 0.001881 0.019210 0.000158 -0.001881 0.999998 -1.274639
0.999997 0.002604 -0.000039 0.004306 -0.002604 0.999996 0.001017 0.018144 0.000042 -0.001017 0.999999 -1.272699
0.999999 0.001512 -0.000156 0.005102 -0.001512 0.999999 0.000268 0.020853 0.000157 -0.000267 1.000000 -1.275721
1.000000 0.000326 -0.000318 0.006196 -0.000327 1.000000 -0.000341 0.019490 0.000318 0.000341 1.000000 -1.281118
1.000000 -0.000569 -0.000560 0.007727 0.000568 0.999998 -0.001919 0.021535 0.000562 0.001918 0.999998 -1.278005
0.999997 -0.002227 -0.000645 0.008861 0.002226 0.999996 -0.001516 0.024033 0.000649 0.001515 0.999999 -1.284073
1.000000 0.000143 -0.000498 0.007027 -0.000142 0.999999 0.001711 0.022197 0.000498 -0.001711 0.999998 -1.278264
1.000000 -0.000474 -0.000252 0.004995 0.000475 0.999998 0.001810 0.021265 0.000251 -0.001810 0.999998 -1.282433
1.000000 0.000022 -0.000431 0.006853 -0.000021 0.999997 0.002494 0.020231 0.000431 -0.002494 0.999997 -1.275374
0.999999 0.001158 -0.000164 0.004728 -0.001157 0.999991 0.004092 0.019035 0.000169 -0.004092 0.999992 -1.281393
1.000000 0.000033 -0.000371 0.009021 -0.000032 0.999994 0.003486 0.018010 0.000371 -0.003486 0.999994 -1.280224
1.000000 0.000233 -0.000123 0.007979 -0.000233 1.000000 0.000903 0.021467 0.000123 -0.000903 1.000000 -1.281271
1.000000 0.000235 0.000089 0.009834 -0.000235 1.000000 -0.000319 0.023821 -0.000089 0.000319 1.000000 -1.279191
1.000000 -0.000687 0.000165 0.008420 0.000687 1.000000 -0.000517 0.023755 -0.000165 0.000517 1.000000 -1.268345
1.000000 -0.000792 0.000180 0.008935 0.000792 0.999999 -0.001071 0.023701 -0.000180 0.001071 0.999999 -1.269254
1.000000 -0.000501 0.000445 0.007128 0.000501 1.000000 -0.000536 0.022497 -0.000445 0.000536 1.000000 -1.269505
1.000000 -0.000255 0.000607 0.006015 0.000255 1.000000 0.000393 0.021258 -0.000608 -0.000393 1.000000 -1.270399
1.000000 -0.000364 0.000756 0.007657 0.000365 1.000000 -0.000238 0.021198 -0.000756 0.000238 1.000000 -1.270896
1.000000 0.000485 0.000784 0.006315 -0.000484 0.999999 -0.001197 0.023105 -0.000784 0.001197 0.999999 -1.273719
0.999999 -0.000911 0.000721 0.007527 0.000911 1.000000 -0.000353 0.023610 -0.000721 0.000354 1.000000 -1.261577
1.000000 -0.000386 0.000614 0.010875 0.000386 1.000000 0.000903 0.023140 -0.000614 -0.000903 0.999999 -1.268499
1.000000 -0.000394 0.000794 0.010108 0.000393 0.999999 0.001252 0.020149 -0.000795 -0.001252 0.999999 -1.270077
0.999999 -0.000735 0.000794 0.008067 0.000735 1.000000 -0.000062 0.022915 -0.000794 0.000063 1.000000 -1.262020
1.000000 0.000504 0.000748 0.007213 -0.000505 1.000000 0.000848 0.023545 -0.000748 -0.000848 0.999999 -1.268573
1.000000 -0.000434 0.000837 0.009716 0.000433 0.999999 0.001007 0.020732 -0.000837 -0.001006 0.999999 -1.275630
1.000000 -0.000262 0.000698 0.009000 0.000263 1.000000 -0.000290 0.020904 -0.000698 0.000290 1.000000 -1.273197
1.000000 -0.000247 0.000755 0.010562 0.000248 0.999999 -0.001308 0.022261 -0.000754 0.001308 0.999999 -1.279741
1.000000 0.000052 0.000976 0.005903 -0.000051 1.000000 -0.000299 0.021136 -0.000976 0.000299 0.999999 -1.269738
1.000000 -0.000254 0.000891 0.006985 0.000255 1.000000 -0.000284 0.021064 -0.000891 0.000284 1.000000 -1.272595
1.000000 -0.000465 0.000817 0.006678 0.000465 1.000000 -0.000245 0.020687 -0.000817 0.000245 1.000000 -1.273025
1.000000 -0.000221 0.000938 0.001127 0.000220 1.000000 0.000779 0.023385 -0.000938 -0.000779 0.999999 -1.284175
0.999999 -0.001042 0.000604 0.007936 0.001042 0.999999 0.000576 0.019373 -0.000604 -0.000575 1.000000 -1.272865
1.000000 0.000011 0.000551 0.004953 -0.000011 1.000000 -0.000406 0.023350 -0.000551 0.000406 1.000000 -1.276510
1.000000 0.000275 0.000584 0.003258 -0.000275 0.999999 0.001070 0.023071 -0.000584 -0.001070 0.999999 -1.273050
0.999999 0.001485 0.000447 0.002214 -0.001486 0.999998 0.001510 0.021139 -0.000445 -0.001510 0.999999 -1.269741
0.999995 0.003121 0.000541 0.000863 -0.003121 0.999995 -0.000109 0.021211 -0.000541 0.000108 1.000000 -1.269383
1.000000 -0.000178 0.000609 0.005195 0.000180 0.999993 -0.003772 0.024111 -0.000608 0.003772 0.999993 -1.274287
1.000000 0.000924 0.000219 0.005032 -0.000923 0.999990 -0.004348 0.027824 -0.000223 0.004348 0.999991 -1.273746
1.000000 -0.000947 0.000222 0.008068 0.000947 0.999999 0.000581 0.023221 -0.000223 -0.000581 1.000000 -1.263426
0.999999 -0.001586 -0.000146 0.009305 0.001586 0.999994 0.003171 0.018463 0.000141 -0.003171 0.999995 -1.244027
1.000000 -0.000487 0.000189 0.008801 0.000487 0.999998 0.001985 0.018452 -0.000190 -0.001985 0.999998 -1.244857
1.000000 0.000127 0.000185 0.005812 -0.000127 1.000000 -0.000206 0.021302 -0.000185 0.000206 1.000000 -1.249536
1.000000 0.000106 0.000004 0.005890 -0.000106 0.999999 -0.001143 0.023057 -0.000004 0.001143 0.999999 -1.246215
1.000000 -0.000282 -0.000216 0.009834 0.000281 0.999998 -0.002133 0.025308 0.000217 0.002133 0.999998 -1.245632
1.000000 0.000708 -0.000682 0.008516 -0.000709 0.999999 -0.000829 0.024387 0.000682 0.000829 0.999999 -1.247962
0.999999 0.000043 -0.001346 0.009479 -0.000042 1.000000 0.000579 0.023361 0.001346 -0.000579 0.999999 -1.247542
0.999998 0.001227 -0.001404 0.008359 -0.001225 0.999998 0.001481 0.022290 0.001406 -0.001479 0.999998 -1.244983
0.999999 0.000401 -0.001004 0.003700 -0.000400 0.999999 0.001455 0.021779 0.001004 -0.001455 0.999998 -1.228509
0.999999 0.000798 -0.001219 0.003321 -0.000797 1.000000 0.000599 0.020476 0.001220 -0.000598 0.999999 -1.223437
0.999999 -0.000232 -0.001141 0.006648 0.000231 1.000000 -0.000782 0.023823 0.001141 0.000782 0.999999 -1.219758
0.999999 0.000539 -0.001176 0.004091 -0.000541 0.999998 -0.001906 0.025392 0.001175 0.001907 0.999997 -1.214162
0.999999 -0.001032 -0.000943 0.006463 0.001031 0.999999 -0.000406 0.024278 0.000943 0.000405 0.999999 -1.209047
1.000000 0.000283 -0.000805 0.002819 -0.000283 1.000000 -0.000102 0.023334 0.000805 0.000103 1.000000 -1.207336
1.000000 -0.000324 -0.000907 0.007872 0.000324 1.000000 -0.000081 0.022570 0.000907 0.000080 1.000000 -1.205766
1.000000 0.000229 -0.000887 0.002822 -0.000229 1.000000 -0.000207 0.023846 0.000887 0.000207 1.000000 -1.209853
1.000000 -0.000295 -0.000790 0.008547 0.000295 1.000000 0.000082 0.024471 0.000790 -0.000082 1.000000 -1.197403
1.000000 0.000192 -0.000794 0.009232 -0.000192 1.000000 -0.000107 0.023630 0.000794 0.000107 1.000000 -1.186975
0.999999 0.001137 -0.000465 0.005954 -0.001137 0.999999 0.000008 0.023612 0.000465 -0.000008 1.000000 -1.170701
1.000000 0.000250 -0.000017 0.006748 -0.000250 1.000000 -0.000781 0.024419 0.000017 0.000781 1.000000 -1.164163
1.000000 0.000684 0.000660 0.001942 -0.000683 0.999999 -0.001036 0.026460 -0.000660 0.001036 0.999999 -1.136389
1.000000 -0.000105 0.000897 0.004251 0.000105 1.000000 0.000002 0.025420 -0.000897 -0.000001 1.000000 -1.113321
1.000000 -0.000285 0.000626 0.004214 0.000284 0.999999 0.000963 0.023836 -0.000626 -0.000963 0.999999 -1.095904
1.000000 -0.000003 0.000773 0.002818 0.000002 1.000000 0.000701 0.024139 -0.000773 -0.000701 0.999999 -1.083124
0.999999 0.000279 0.001009 0.002561 -0.000279 1.000000 0.000115 0.022353 -0.001009 -0.000115 0.999999 -1.071784
0.999999 0.000467 0.001429 0.004594 -0.000467 1.000000 -0.000017 0.022901 -0.001429 0.000016 0.999999 -1.058980
0.999998 0.000537 0.001893 0.003357 -0.000535 1.000000 -0.000781 0.022504 -0.001893 0.000780 0.999998 -1.053384
0.999997 0.001139 0.002220 0.003854 -0.001135 0.999998 -0.001658 0.022910 -0.002222 0.001656 0.999996 -1.044951
0.999997 -0.000279 0.002326 0.006341 0.000283 0.999998 -0.001843 0.026605 -0.002325 0.001843 0.999996 -1.028289
0.999996 -0.000204 0.002713 0.002125 0.000205 1.000000 -0.000173 0.024629 -0.002713 0.000174 0.999996 -1.010397
0.999995 -0.000128 0.003027 0.002048 0.000127 1.000000 0.000383 0.022925 -0.003027 -0.000382 0.999995 -0.990714
0.999995 -0.000007 0.003035 0.004675 0.000008 1.000000 -0.000288 0.023726 -0.003035 0.000288 0.999995 -0.971017
0.999994 -0.000420 0.003342 0.001734 0.000422 1.000000 -0.000578 0.024016 -0.003341 0.000579 0.999994 -0.948831
0.999995 -0.000223 0.003299 0.003157 0.000222 1.000000 0.000193 0.024086 -0.003299 -0.000192 0.999995 -0.925022
0.999994 0.000335 0.003567 0.000767 -0.000337 1.000000 0.000385 0.023222 -0.003567 -0.000387 0.999994 -0.901072
0.999993 0.000140 0.003704 0.000614 -0.000142 1.000000 0.000643 0.019752 -0.003704 -0.000643 0.999993 -0.880488
0.999993 -0.001173 0.003572 0.001827 0.001172 0.999999 0.000287 0.019258 -0.003572 -0.000283 0.999994 -0.858046
0.999994 -0.000414 0.003327 0.002785 0.000411 1.000000 0.000788 0.017893 -0.003327 -0.000786 0.999994 -0.836828
0.999995 -0.001824 0.002628 0.004771 0.001824 0.999998 0.000077 0.017661 -0.002628 -0.000072 0.999997 -0.817213
0.999999 -0.000757 0.001104 0.002128 0.000758 1.000000 -0.000495 0.017450 -0.001104 0.000496 0.999999 -0.801904
1.000000 0.000024 -0.000038 0.002979 -0.000024 1.000000 -0.000980 0.018713 0.000038 0.000980 1.000000 -0.781980
1.000000 0.000021 -0.000275 0.003315 -0.000021 1.000000 -0.000815 0.019202 0.000275 0.000815 1.000000 -0.764738
1.000000 0.000138 -0.000179 0.002595 -0.000138 1.000000 0.000360 0.018407 0.000179 -0.000360 1.000000 -0.745166
1.000000 -0.000584 -0.000169 0.003338 0.000584 0.999998 0.001850 0.016145 0.000168 -0.001850 0.999998 -0.735466
1.000000 -0.000072 -0.000692 0.001063 0.000074 0.999998 0.002108 0.013418 0.000692 -0.002108 0.999998 -0.732479
0.999999 -0.000126 -0.001104 0.002360 0.000127 0.999999 0.001381 0.012325 0.001104 -0.001381 0.999998 -0.730008
0.999999 -0.000482 -0.001010 -0.002984 0.000483 1.000000 0.000577 0.012460 0.001010 -0.000577 0.999999 -0.725908
0.999999 0.000737 -0.001346 -0.003905 -0.000737 1.000000 0.000245 0.012516 0.001347 -0.000244 0.999999 -0.724165
0.999999 0.000262 -0.001464 -0.005012 -0.000262 1.000000 0.000102 0.012010 0.001464 -0.000102 0.999999 -0.724905
0.999999 0.000170 -0.001187 -0.012736 -0.000170 1.000000 0.000239 0.012168 0.001187 -0.000239 0.999999 -0.714253
0.999999 0.000500 -0.001329 -0.009642 -0.000499 1.000000 0.000093 0.018110 0.001329 -0.000092 0.999999 -0.706087
0.999997 0.000161 -0.002297 -0.004420 -0.000163 1.000000 -0.000794 0.019406 0.002297 0.000795 0.999997 -0.700056
0.999996 0.001465 -0.002281 -0.010338 -0.001467 0.999998 -0.000986 0.018042 0.002279 0.000989 0.999997 -0.694104
0.999997 0.001213 -0.002178 -0.006773 -0.001214 0.999999 -0.000792 0.021306 0.002177 0.000794 0.999997 -0.687995
0.999997 0.000666 -0.002307 -0.006309 -0.000666 1.000000 -0.000203 0.015574 0.002307 0.000205 0.999997 -0.694825
0.999997 0.000529 -0.002390 -0.004330 -0.000529 1.000000 0.000369 0.012588 0.002390 -0.000368 0.999997 -0.694311
0.999997 0.000365 -0.002573 -0.002246 -0.000364 1.000000 0.000316 0.010958 0.002573 -0.000315 0.999997 -0.691781
0.999997 -0.000613 -0.002330 -0.002402 0.000615 0.999999 0.000937 0.010973 0.002329 -0.000939 0.999997 -0.692659
0.999996 0.000100 -0.002736 0.000664 -0.000099 1.000000 0.000646 0.010417 0.002736 -0.000646 0.999996 -0.692569
0.999997 -0.000058 -0.002574 0.001006 0.000055 0.999999 -0.001087 0.013608 0.002574 0.001087 0.999996 -0.700693
0.999998 -0.000229 -0.002160 -0.000204 0.000228 1.000000 -0.000573 0.012290 0.002160 0.000573 0.999998 -0.703063
0.999998 0.000325 -0.001893 -0.000766 -0.000324 1.000000 0.000105 0.012941 0.001893 -0.000105 0.999998 -0.703780
0.999998 -0.000023 -0.001833 -0.000203 0.000026 0.999999 0.001562 0.011703 0.001833 -0.001562 0.999997 -0.705272
0.999999 -0.000024 -0.001225 -0.000254 0.000026 0.999998 0.002156 0.010590 0.001225 -0.002156 0.999997 -0.707997
0.999999 0.001181 -0.000849 0.000716 -0.001180 0.999998 0.001614 0.008104 0.000851 -0.001613 0.999998 -0.715752
1.000000 -0.000154 -0.000084 0.002057 0.000154 1.000000 0.000380 0.009674 0.000083 -0.000380 1.000000 -0.720051
1.000000 0.000983 -0.000018 0.000214 -0.000983 0.999999 0.000445 0.011489 0.000018 -0.000445 1.000000 -0.728079
1.000000 -0.000730 -0.000097 0.004543 0.000730 1.000000 0.000177 0.011117 0.000097 -0.000177 1.000000 -0.733257
1.000000 -0.000696 -0.000105 0.002436 0.000696 1.000000 0.000482 0.009547 0.000105 -0.000482 1.000000 -0.745769
0.999999 0.001401 0.000340 -0.006195 -0.001402 0.999997 0.001897 0.010781 -0.000337 -0.001898 0.999998 -0.761547
0.999992 0.003936 0.000009 -0.010906 -0.003936 0.999990 0.002177 0.009745 -0.000000 -0.002177 0.999998 -0.778960
0.999994 0.003369 -0.000392 -0.003559 -0.003369 0.999994 0.000922 0.007564 0.000395 -0.000920 0.999999 -0.763885
0.999997 -0.002558 -0.000487 0.004579 0.002556 0.999989 -0.003832 0.005326 0.000497 0.003831 0.999993 -0.781010
0.999993 -0.003686 -0.000686 0.011446 0.003682 0.999975 -0.006104 0.014852 0.000709 0.006102 0.999981 -0.794808
0.999999 0.001447 -0.000467 -0.002213 -0.001449 0.999993 -0.003484 0.019386 0.000462 0.003484 0.999994 -0.793701
0.999997 0.001266 -0.001988 -0.003725 -0.001262 0.999997 0.002290 0.011759 0.001991 -0.002287 0.999995 -0.790472
0.999991 -0.000939 -0.004185 0.008396 0.000965 0.999980 0.006255 0.004276 0.004179 -0.006259 0.999972 -0.792224
0.999992 -0.001551 -0.003605 0.005511 0.001564 0.999992 0.003731 0.005386 0.003599 -0.003737 0.999987 -0.803202
0.999995 -0.001284 -0.002854 0.000696 0.001284 0.999999 0.000002 0.006123 0.002854 -0.000006 0.999996 -0.822923
0.999994 0.001732 -0.003048 0.000164 -0.001738 0.999996 -0.002189 0.010627 0.003044 0.002194 0.999993 -0.830919
0.999991 0.003197 -0.002648 -0.004920 -0.003205 0.999990 -0.003153 0.013258 0.002638 0.003161 0.999992 -0.837609
0.999994 0.002572 -0.002437 -0.005366 -0.002576 0.999996 -0.001444 0.012546 0.002433 0.001450 0.999996 -0.836608
0.999997 -0.000067 -0.002550 -0.003577 0.000066 1.000000 -0.000417 0.014158 0.002550 0.000417 0.999997 -0.839229
0.999995 -0.002146 -0.002409 0.005493 0.002151 0.999995 0.002112 0.012849 0.002404 -0.002118 0.999995 -0.842641
0.999997 -0.000485 -0.002485 0.008160 0.000491 0.999997 0.002213 0.012181 0.002484 -0.002215 0.999994 -0.840351
0.999997 -0.000002 -0.002360 0.000785 0.000002 1.000000 0.000010 0.013799 0.002360 -0.000010 0.999997 -0.846899
0.999996 -0.000811 -0.002632 0.000382 0.000805 0.999998 -0.002033 0.015136 0.002634 0.002031 0.999994 -0.850081
0.999997 -0.000863 -0.002459 -0.000890 0.000859 0.999998 -0.001746 0.021917 0.002461 0.001744 0.999995 -0.844298
0.999997 -0.000259 -0.002443 -0.001204 0.000259 1.000000 0.000126 0.016152 0.002443 -0.000127 0.999997 -0.852392
0.999997 0.000431 -0.002412 0.004292 -0.000429 1.000000 0.000480 0.015360 0.002412 -0.000479 0.999997 -0.841671
0.999995 0.001962 -0.002270 -0.003505 -0.001961 0.999998 0.000430 0.013631 0.002271 -0.000426 0.999997 -0.850525
0.999993 0.003682 -0.000918 -0.014448 -0.003683 0.999993 -0.000759 0.017037 0.000915 0.000762 0.999999 -0.852947
0.999999 0.001347 0.000226 -0.013186 -0.001347 0.999999 0.000147 0.014899 -0.000225 -0.000148 1.000000 -0.859088
0.999999 0.000997 -0.000746 0.007779 -0.000996 1.000000 0.000044 0.014331 0.000746 -0.000043 1.000000 -0.855990
1.000000 -0.000495 -0.000729 0.006343 0.000495 1.000000 0.000188 0.007784 0.000729 -0.000188 1.000000 -0.864130
0.999999 0.000053 0.001137 -0.008565 -0.000053 1.000000 -0.000423 0.013369 -0.001137 0.000423 0.999999 -0.859187
0.999999 -0.000289 0.001033 -0.000765 0.000289 1.000000 -0.000286 0.014051 -0.001033 0.000286 0.999999 -0.860880
0.999999 0.000416 0.001229 0.004893 -0.000417 1.000000 0.000709 0.016413 -0.001228 -0.000709 0.999999 -0.860407
0.999998 -0.000038 0.001787 0.002211 0.000036 0.999999 0.001091 0.011895 -0.001787 -0.001091 0.999998 -0.858240
0.999998 -0.001101 0.001814 0.001858 0.001099 0.999999 0.001011 0.008888 -0.001815 -0.001009 0.999998 -0.858337
0.999998 -0.000958 0.001919 0.000539 0.000957 0.999999 0.000399 0.013907 -0.001920 -0.000397 0.999998 -0.855498
0.999997 -0.000969 0.002276 0.000532 0.000969 1.000000 0.000097 0.017401 -0.002276 -0.000094 0.999997 -0.851537
0.999997 -0.000606 0.002266 0.005557 0.000607 1.000000 -0.000427 0.012548 -0.002266 0.000428 0.999997 -0.855908
0.999996 0.000303 0.002938 0.006701 -0.000299 0.999999 -0.001349 0.014495 -0.002939 0.001349 0.999995 -0.848371
0.999989 0.001225 0.004573 0.001104 -0.001214 0.999997 -0.002344 0.016450 -0.004576 0.002339 0.999987 -0.845676
0.999984 0.001354 0.005459 -0.002371 -0.001344 0.999998 -0.001692 0.018954 -0.005462 0.001684 0.999984 -0.842562
0.999988 0.000544 0.004901 0.004549 -0.000538 0.999999 -0.001214 0.016714 -0.004901 0.001211 0.999987 -0.839606
0.999986 -0.000007 0.005360 -0.001595 0.000010 1.000000 -0.000536 0.013396 -0.005360 0.000536 0.999985 -0.824850
0.999987 0.000487 0.005094 -0.001062 -0.000485 1.000000 -0.000284 0.014319 -0.005094 0.000281 0.999987 -0.816568
0.999987 0.001099 0.005078 -0.000412 -0.001097 0.999999 -0.000364 0.018214 -0.005078 0.000358 0.999987 -0.804551
0.999988 0.000689 0.004863 -0.004688 -0.000691 1.000000 0.000381 0.017081 -0.004862 -0.000384 0.999988 -0.792164
0.999990 -0.000197 0.004484 -0.002466 0.000196 1.000000 0.000047 0.017376 -0.004484 -0.000046 0.999990 -0.776177
0.999991 0.000045 0.004276 -0.002109 -0.000045 1.000000 0.000014 0.015623 -0.004276 -0.000014 0.999991 -0.753733
0.999991 0.000866 0.004044 0.001853 -0.000865 1.000000 -0.000225 0.017836 -0.004044 0.000222 0.999992 -0.728701
0.999989 0.001155 0.004654 -0.003453 -0.001159 0.999999 0.000851 0.013953 -0.004653 -0.000857 0.999989 -0.707256
0.999985 -0.001117 0.005309 -0.001315 0.001109 0.999998 0.001457 0.014715 -0.005311 -0.001451 0.999985 -0.702814
0.999976 -0.001442 0.006793 0.001395 0.001428 0.999997 0.001986 0.013455 -0.006795 -0.001976 0.999975 -0.675639
0.999961 -0.000678 0.008763 -0.000770 0.000663 0.999998 0.001734 0.009437 -0.008764 -0.001728 0.999960 -0.664892
0.999941 0.000328 0.010867 0.001595 -0.000341 0.999999 0.001151 0.010859 -0.010867 -0.001155 0.999940 -0.644879
0.999905 -0.000151 0.013802 0.003052 0.000145 1.000000 0.000388 0.009386 -0.013802 -0.000386 0.999905 -0.633090
0.999853 -0.000867 0.017126 0.009204 0.000878 0.999999 -0.000594 0.011343 -0.017125 0.000609 0.999853 -0.623735
0.999795 -0.002359 0.020119 0.015607 0.002371 0.999997 -0.000594 0.010874 -0.020118 0.000642 0.999797 -0.616130
0.999737 -0.001445 0.022905 0.018119 0.001442 0.999999 0.000171 0.011704 -0.022905 -0.000138 0.999738 -0.613782
0.999669 -0.001198 0.025687 0.019362 0.001193 0.999999 0.000198 0.012045 -0.025687 -0.000167 0.999670 -0.604668
0.999596 -0.001188 0.028402 0.015520 0.001188 0.999999 0.000016 0.005624 -0.028402 0.000018 0.999597 -0.591665
0.999507 -0.000819 0.031381 0.016866 0.000853 0.999999 -0.001083 0.011175 -0.031380 0.001109 0.999507 -0.572088
0.999390 0.000739 0.034919 0.011460 -0.000690 0.999999 -0.001394 0.008642 -0.034920 0.001369 0.999389 -0.560698
0.999290 0.000465 0.037684 0.006414 -0.000418 0.999999 -0.001242 0.004161 -0.037685 0.001226 0.999289 -0.550545
0.999226 -0.000518 0.039346 0.016725 0.000609 0.999997 -0.002303 0.013015 -0.039345 0.002326 0.999223 -0.534720
0.999141 -0.000622 0.041445 0.011880 0.000704 0.999998 -0.001950 0.009402 -0.041444 0.001978 0.999139 -0.531380
0.999074 0.000307 0.043029 0.008765 -0.000235 0.999999 -0.001686 0.010164 -0.043030 0.001674 0.999072 -0.516577
0.998999 0.000911 0.044729 0.005961 -0.000860 0.999999 -0.001170 0.005021 -0.044730 0.001130 0.998998 -0.495425
0.998903 0.001098 0.046817 0.006825 -0.001049 0.999999 -0.001073 0.012244 -0.046818 0.001023 0.998903 -0.491780
0.998801 0.001444 0.048938 0.011775 -0.001415 0.999999 -0.000633 0.009385 -0.048938 0.000563 0.998802 -0.487973
0.998713 0.001867 0.050687 0.010743 -0.001822 0.999998 -0.000938 0.007609 -0.050689 0.000845 0.998714 -0.490056
0.998630 0.001138 0.052319 0.014008 -0.001053 0.999998 -0.001650 0.011474 -0.052321 0.001593 0.998629 -0.486499
0.998549 -0.001027 0.053836 0.017998 0.001052 0.999999 -0.000448 0.008686 -0.053835 0.000504 0.998550 -0.480161
0.998436 0.001656 0.055876 0.010676 -0.001662 0.999999 0.000065 0.005988 -0.055876 -0.000157 0.998438 -0.478000
0.998311 0.003631 0.057980 0.014629 -0.003510 0.999991 -0.002197 0.009362 -0.057988 0.001990 0.998315 -0.460506
0.998153 0.005187 0.060524 0.023135 -0.004983 0.999981 -0.003518 -0.000540 -0.060542 0.003210 0.998161 -0.451796
0.998026 0.002991 0.062729 0.038190 -0.002797 0.999991 -0.003177 0.004145 -0.062738 0.002995 0.998026 -0.438969
0.997996 -0.002101 0.063248 0.058451 0.002286 0.999993 -0.002854 0.002719 -0.063242 0.002993 0.997994 -0.432196
0.998005 -0.006383 0.062811 0.061812 0.006592 0.999973 -0.003129 0.006312 -0.062790 0.003537 0.998021 -0.434583
0.997993 -0.004286 0.063175 0.054818 0.004424 0.999988 -0.002037 0.006458 -0.063165 0.002313 0.998000 -0.425542
0.997988 -0.002280 0.063368 0.049667 0.002362 0.999996 -0.001224 0.003113 -0.063365 0.001371 0.997989 -0.422431
0.998021 -0.000014 0.062883 0.037409 0.000133 0.999998 -0.001894 -0.002780 -0.062883 0.001899 0.998019 -0.408819
0.998076 0.000557 0.062001 0.037648 -0.000367 0.999995 -0.003068 -0.003283 -0.062003 0.003039 0.998071 -0.404794
0.998083 0.000162 0.061882 0.036901 0.000056 0.999994 -0.003530 -0.003401 -0.061882 0.003526 0.998077 -0.399179
0.997956 0.000308 0.063897 0.034635 -0.000111 0.999995 -0.003089 0.001527 -0.063898 0.003076 0.997952 -0.396449
0.997873 -0.002095 0.065149 0.036264 0.002326 0.999991 -0.003472 0.002081 -0.065141 0.003616 0.997870 -0.400225
0.997812 -0.000561 0.066115 0.029756 0.000899 0.999987 -0.005088 -0.001963 -0.066112 0.005137 0.997799 -0.409124
0.997736 -0.001196 0.067242 0.038042 0.001640 0.999977 -0.006558 0.003280 -0.067233 0.006653 0.997715 -0.431459
0.997683 -0.001200 0.068030 0.035301 0.001667 0.999975 -0.006802 0.004468 -0.068020 0.006899 0.997660 -0.446515
0.997656 -0.001352 0.068416 0.030532 0.001811 0.999976 -0.006648 0.010178 -0.068405 0.006756 0.997635 -0.466313
0.997638 0.000061 0.068684 0.022884 0.000387 0.999979 -0.006510 0.012897 -0.068683 0.006521 0.997617 -0.475337
0.997689 -0.000301 0.067943 0.023041 0.000579 0.999992 -0.004065 0.000914 -0.067941 0.004095 0.997681 -0.495140
0.997796 -0.000555 0.066361 0.026346 0.000754 0.999995 -0.002984 0.007749 -0.066359 0.003028 0.997791 -0.511762
0.997931 -0.001283 0.064277 0.036859 0.001328 0.999999 -0.000653 -0.000922 -0.064276 0.000737 0.997932 -0.519329
0.998029 -0.002071 0.062725 0.030348 0.002114 0.999998 -0.000611 -0.002561 -0.062723 0.000743 0.998031 -0.539958
0.998222 -0.002310 0.059561 0.032857 0.002369 0.999997 -0.000916 -0.003724 -0.059558 0.001056 0.998224 -0.559762
0.998441 -0.002119 0.055777 0.027456 0.002182 0.999997 -0.001082 -0.002343 -0.055775 0.001202 0.998443 -0.580604
0.998712 -0.001931 0.050696 0.031073 0.002050 0.999995 -0.002308 0.002771 -0.050691 0.002409 0.998711 -0.594025
0.998800 0.001299 0.048963 0.015445 -0.001147 0.999994 -0.003133 -0.001009 -0.048967 0.003073 0.998796 -0.628680
0.998718 0.004898 0.050388 0.010190 -0.004683 0.999979 -0.004385 -0.000522 -0.050409 0.004143 0.998720 -0.650561
0.998699 0.002990 0.050899 0.010944 -0.002760 0.999986 -0.004583 0.002328 -0.050912 0.004436 0.998693 -0.672330
0.998789 -0.000308 0.049206 0.015031 0.000423 0.999997 -0.002331 0.002017 -0.049205 0.002349 0.998786 -0.694713
0.998870 -0.003696 0.047391 0.019807 0.003622 0.999992 0.001655 -0.000008 -0.047397 -0.001481 0.998875 -0.717018
0.998971 -0.001252 0.045344 0.026768 0.001141 0.999996 0.002469 0.007141 -0.045347 -0.002415 0.998968 -0.721300
0.999016 -0.003962 0.044167 0.021230 0.003804 0.999986 0.003673 -0.007214 -0.044181 -0.003501 0.999017 -0.764625
0.999079 -0.001888 0.042876 0.019677 0.001794 0.999996 0.002233 -0.002879 -0.042880 -0.002154 0.999078 -0.782383
0.999130 -0.002167 0.041659 0.028962 0.002231 0.999996 -0.001507 0.009094 -0.041656 0.001598 0.999131 -0.795356
0.999117 -0.004258 0.041809 0.026518 0.004284 0.999991 -0.000533 0.006598 -0.041807 0.000712 0.999125 -0.826780
0.999117 -0.000476 0.042017 0.016347 0.000495 1.000000 -0.000441 0.003077 -0.042016 0.000462 0.999117 -0.856088
0.999095 0.001653 0.042502 0.009500 -0.001567 0.999997 -0.002061 0.004232 -0.042505 0.001992 0.999094 -0.878718
0.999133 0.003061 0.041530 0.007702 -0.002974 0.999993 -0.002174 0.008993 -0.041536 0.002049 0.999135 -0.900431
0.999202 -0.000004 0.039941 0.013468 0.000164 0.999992 -0.004000 0.006028 -0.039941 0.004003 0.999194 -0.916020
0.999241 0.002207 0.038899 0.011328 -0.002090 0.999993 -0.003070 0.008374 -0.038906 0.002987 0.999238 -0.936899
0.999294 -0.000979 0.037550 0.011820 0.001039 0.999998 -0.001572 0.010520 -0.037549 0.001610 0.999293 -0.960794
0.999371 -0.001095 0.035440 0.007740 0.001030 0.999998 0.001833 0.003036 -0.035442 -0.001795 0.999370 -0.990832
0.999420 -0.001323 0.034016 0.010957 0.001276 0.999998 0.001418 0.003519 -0.034018 -0.001374 0.999420 -1.011377
0.999492 -0.000750 0.031851 0.013365 0.000795 0.999999 -0.001403 0.008003 -0.031850 0.001427 0.999492 -1.040136
0.999519 -0.001478 0.030965 0.007627 0.001539 0.999997 -0.001916 0.011151 -0.030962 0.001962 0.999519 -1.066162
0.999577 -0.000391 0.029090 0.008828 0.000396 1.000000 -0.000181 0.008368 -0.029090 0.000192 0.999577 -1.081442
0.999643 -0.000716 0.026713 0.005994 0.000743 0.999999 -0.001022 0.008056 -0.026712 0.001042 0.999643 -1.102805
0.999689 -0.002358 0.024843 0.012456 0.002420 0.999994 -0.002464 0.010230 -0.024837 0.002523 0.999688 -1.148176
0.999727 -0.001676 0.023316 0.006844 0.001723 0.999996 -0.002033 0.010016 -0.023313 0.002073 0.999726 -1.156542
0.999789 -0.002457 0.020413 0.009389 0.002459 0.999997 -0.000068 0.012649 -0.020413 0.000118 0.999792 -1.174186
0.999852 -0.004626 0.016551 0.011577 0.004601 0.999988 0.001545 0.010836 -0.016558 -0.001469 0.999862 -1.187649
0.999915 -0.004688 0.012194 0.012619 0.004685 0.999989 0.000286 0.010434 -0.012195 -0.000229 0.999926 -1.207137
0.999962 -0.004472 0.007513 0.015429 0.004489 0.999987 -0.002294 0.012722 -0.007503 0.002327 0.999969 -1.227360
0.999990 -0.002827 0.003391 0.013933 0.002832 0.999995 -0.001382 0.012571 -0.003387 0.001392 0.999993 -1.248691
0.999998 -0.002112 0.000294 0.010395 0.002112 0.999997 0.001303 0.008052 -0.000296 -0.001302 0.999999 -1.282538
0.999996 -0.002049 -0.002022 0.013820 0.002051 0.999997 0.001006 0.009105 0.002019 -0.001010 0.999997 -1.300440
0.999997 -0.000076 -0.002517 0.006311 0.000074 1.000000 -0.000858 0.011689 0.002518 0.000858 0.999996 -1.311449
0.999996 -0.000786 -0.002570 0.006109 0.000784 0.999999 -0.000911 0.013113 0.002571 0.000909 0.999996 -1.313804
0.999991 -0.000668 -0.004102 0.010338 0.000666 1.000000 -0.000629 0.013392 0.004102 0.000627 0.999991 -1.330360
0.999985 -0.001278 -0.005257 0.010910 0.001268 0.999997 -0.001897 0.018047 0.005260 0.001890 0.999984 -1.332902
0.999983 0.000243 -0.005809 0.011253 -0.000255 0.999998 -0.002103 0.020344 0.005809 0.002105 0.999981 -1.338587
0.999986 -0.000408 -0.005247 0.008597 0.000399 0.999998 -0.001693 0.022915 0.005248 0.001691 0.999985 -1.343535
0.999988 0.000163 -0.004885 0.008642 -0.000162 1.000000 0.000144 0.023433 0.004885 -0.000143 0.999988 -1.338831
0.999988 -0.001055 -0.004780 0.006837 0.001058 0.999999 0.000675 0.021979 0.004779 -0.000680 0.999988 -1.341084
0.999986 -0.001409 -0.005082 0.005076 0.001412 0.999999 0.000734 0.022266 0.005081 -0.000742 0.999987 -1.350670
0.999988 -0.000483 -0.004788 0.001985 0.000486 1.000000 0.000530 0.019618 0.004787 -0.000532 0.999988 -1.352254
