1.000000 0.000000 0.000000 0.000000 0.000000 1.000000 0.000000 0.000000 0.000000 0.000000 1.000000 0.000000
0.999980 -0.000481 0.006383 0.008637 0.000483 1.000000 -0.000330 0.001136 -0.006382 0.000333 0.999980 -0.090725
0.999977 -0.000568 0.006772 0.012629 0.000567 1.000000 0.000044 0.001498 -0.006772 -0.000040 0.999977 -0.091840
0.999972 -0.000303 0.007427 0.010523 0.000298 1.000000 0.000615 0.001967 -0.007427 -0.000613 0.999972 -0.095270
0.999959 -0.000617 0.009002 0.014749 0.000604 0.999999 0.001415 0.000376 -0.009003 -0.001409 0.999958 -0.101514
0.999938 -0.000220 0.011163 0.017880 0.000202 0.999999 0.001579 0.000269 -0.011164 -0.001577 0.999936 -0.111353
0.999909 0.000129 0.013498 0.015855 -0.000141 1.000000 0.000908 0.000507 -0.013498 -0.000910 0.999908 -0.124517
0.999870 0.000030 0.016145 0.019403 -0.000031 1.000000 0.000035 -0.000057 -0.016145 -0.000036 0.999870 -0.137390
0.999827 0.001553 0.018553 0.018968 -0.001553 0.999999 0.000006 0.001527 -0.018553 -0.000035 0.999828 -0.148220
0.999802 0.001157 0.019854 0.022075 -0.001160 0.999999 0.000163 0.001737 -0.019854 -0.000186 0.999803 -0.159579
0.999755 0.000031 0.022151 0.028093 -0.000039 1.000000 0.000365 0.002665 -0.022151 -0.000366 0.999755 -0.169428
0.999707 -0.003920 0.023903 0.037575 0.003885 0.999991 0.001496 0.003309 -0.023909 -0.001403 0.999713 -0.174920
0.999665 -0.004609 0.025462 0.037836 0.004568 0.999988 0.001682 0.004656 -0.025469 -0.001566 0.999674 -0.181944
0.999624 -0.003190 0.027228 0.036742 0.003158 0.999994 0.001208 0.004802 -0.027231 -0.001122 0.999629 -0.190871
0.999550 -0.000935 0.029981 0.030351 0.000920 0.999999 0.000524 0.002581 -0.029981 -0.000496 0.999550 -0.196117
0.999500 -0.002031 0.031545 0.033384 0.002034 0.999998 -0.000067 0.002443 -0.031545 0.000131 0.999502 -0.201659
0.999454 -0.001769 0.033004 0.035322 0.001784 0.999998 -0.000436 0.001034 -0.033004 0.000494 0.999455 -0.209773
0.999369 -0.002140 0.035446 0.032760 0.002156 0.999998 -0.000411 0.001421 -0.035445 0.000487 0.999372 -0.212402
0.999369 -0.002637 0.035419 0.035367 0.002628 0.999996 0.000325 0.001727 -0.035419 -0.000232 0.999373 -0.215107
0.999346 -0.002984 0.036047 0.034515 0.002976 0.999996 0.000261 0.000056 -0.036048 -0.000153 0.999350 -0.215985
0.999257 -0.000634 0.038543 0.030076 0.000618 1.000000 0.000418 -0.001610 -0.038543 -0.000394 0.999257 -0.221265
0.999146 0.004283 0.041085 0.023902 -0.004355 0.999989 0.001679 -0.001384 -0.041077 -0.001856 0.999154 -0.224775
0.999039 0.004941 0.043548 0.024421 -0.004998 0.999987 0.001217 0.001309 -0.043541 -0.001434 0.999051 -0.231466
0.998878 -0.000366 0.047350 0.034686 0.000478 0.999997 -0.002357 0.004555 -0.047349 0.002377 0.998876 -0.241104
0.998691 -0.004918 0.050909 0.045771 0.005065 0.999983 -0.002764 0.007202 -0.050894 0.003019 0.998699 -0.250489
0.998566 -0.003239 0.053429 0.044184 0.003275 0.999994 -0.000575 0.006016 -0.053427 0.000749 0.998572 -0.256250
0.998457 0.000388 0.055529 0.038598 -0.000423 1.000000 0.000604 0.004589 -0.055529 -0.000627 0.998457 -0.262812
0.998297 0.005757 0.058058 0.029218 -0.005766 0.999983 -0.000012 0.001928 -0.058057 -0.000322 0.998313 -0.274746
0.998256 0.004971 0.058827 0.030947 -0.004993 0.999988 0.000234 0.001224 -0.058826 -0.000527 0.998268 -0.287021
0.998285 0.002479 0.058483 0.038615 -0.002403 0.999996 -0.001377 0.003278 -0.058486 0.001234 0.998287 -0.297926
0.998191 0.002143 0.060087 0.037677 -0.002011 0.999995 -0.002260 0.001799 -0.060092 0.002135 0.998191 -0.311601
0.998122 0.000924 0.061251 0.037299 -0.000850 0.999999 -0.001229 -0.001096 -0.061252 0.001174 0.998122 -0.324664
0.998150 0.000214 0.060803 0.042571 -0.000122 0.999999 -0.001501 -0.002667 -0.060803 0.001491 0.998149 -0.340177
0.998153 -0.000152 0.060743 0.042424 0.000278 0.999998 -0.002064 -0.002821 -0.060742 0.002077 0.998151 -0.350334
0.998193 -0.000562 0.060079 0.041254 0.000671 0.999998 -0.001800 0.001621 -0.060078 0.001837 0.998192 -0.360097
0.998295 0.001085 0.058368 0.041018 -0.000872 0.999993 -0.003678 0.007597 -0.058372 0.003621 0.998288 -0.368479
0.998429 0.003117 0.055945 0.034818 -0.002958 0.999991 -0.002925 0.009588 -0.055954 0.002755 0.998430 -0.378744
0.998632 0.001175 0.052276 0.033210 -0.001134 0.999999 -0.000819 0.009000 -0.052277 0.000759 0.998632 -0.384711
0.998840 -0.003522 0.048027 0.040712 0.003548 0.999994 -0.000457 0.006697 -0.048025 0.000627 0.998846 -0.402850
0.999085 -0.003254 0.042641 0.038905 0.003249 0.999995 0.000183 0.002753 -0.042641 -0.000045 0.999090 -0.423422
0.999276 -0.002448 0.037966 0.032737 0.002385 0.999996 0.001694 0.002327 -0.037970 -0.001602 0.999278 -0.441019
0.999405 0.000038 0.034502 0.026987 -0.000130 0.999996 0.002672 0.003391 -0.034502 -0.002675 0.999401 -0.457586
0.999507 -0.000376 0.031409 0.024423 0.000290 0.999996 0.002734 0.004818 -0.031410 -0.002723 0.999503 -0.477710
0.999647 -0.001265 0.026541 0.023721 0.001217 0.999998 0.001832 0.004407 -0.026544 -0.001799 0.999646 -0.491082
0.999781 -0.000886 0.020929 0.018030 0.000836 0.999997 0.002398 -0.000463 -0.020931 -0.002380 0.999778 -0.509784
0.999866 0.000195 0.016380 0.013427 -0.000209 1.000000 0.000877 -0.002195 -0.016380 -0.000880 0.999865 -0.524465
0.999912 0.000693 0.013220 0.009443 -0.000688 1.000000 -0.000428 0.002005 -0.013220 0.000419 0.999913 -0.544641
0.999952 -0.001079 0.009718 0.010707 0.001091 0.999999 -0.001258 0.007630 -0.009716 0.001268 0.999952 -0.559676
0.999975 -0.001809 0.006841 0.010736 0.001820 0.999997 -0.001598 0.009755 -0.006838 0.001611 0.999975 -0.575240
0.999990 0.000128 0.004553 0.006570 -0.000124 0.999999 -0.001014 0.005078 -0.004553 0.001013 0.999989 -0.593779
0.999996 0.002306 0.001581 0.001228 -0.002306 0.999997 -0.000386 0.001111 -0.001582 0.000382 0.999999 -0.610910
0.999997 0.002192 -0.000832 0.000385 -0.002194 0.999996 -0.002008 0.004840 0.000827 0.002010 0.999998 -0.626880
0.999999 -0.000567 -0.001384 0.000859 0.000564 0.999996 -0.002651 0.011147 0.001386 0.002650 0.999996 -0.643387
0.999996 -0.002152 -0.001552 0.003603 0.002151 0.999998 -0.000177 0.009284 0.001553 0.000173 0.999999 -0.657404
0.999998 -0.001697 -0.001412 0.002009 0.001700 0.999996 0.002419 0.005121 0.001408 -0.002422 0.999996 -0.669520
0.999999 -0.000080 -0.001057 -0.001787 0.000080 1.000000 0.000056 0.002310 0.001057 -0.000056 0.999999 -0.685538
0.999999 0.000456 -0.001459 -0.002329 -0.000460 0.999996 -0.002724 0.003626 0.001458 0.002724 0.999995 -0.708731
0.999998 -0.001012 -0.001836 0.004164 0.001006 0.999993 -0.003617 0.009196 0.001840 0.003615 0.999992 -0.727016
0.999999 -0.000354 -0.001658 0.002813 0.000351 0.999998 -0.002183 0.013427 0.001659 0.002183 0.999996 -0.736379
0.999997 -0.001488 -0.001776 0.007950 0.001489 0.999999 0.000610 0.005991 0.001775 -0.000613 0.999998 -0.751348
0.999996 -0.002099 -0.001700 0.010102 0.002104 0.999993 0.003005 0.002968 0.001694 -0.003009 0.999994 -0.764154
0.999999 -0.000566 -0.001529 0.011784 0.000567 1.000000 0.000709 0.002719 0.001529 -0.000710 0.999999 -0.784927
0.999995 0.002795 -0.001420 0.001709 -0.002798 0.999994 -0.002098 0.007694 0.001414 0.002102 0.999997 -0.790526
0.999997 0.002213 -0.001026 0.000189 -0.002215 0.999996 -0.001962 0.011986 0.001021 0.001964 0.999998 -0.794336
0.999999 0.000968 -0.001206 0.002431 -0.000970 0.999998 -0.001709 0.014061 0.001204 0.001710 0.999998 -0.800611
1.000000 0.000255 -0.000665 0.004949 -0.000252 0.999989 0.004687 0.010909 0.000666 -0.004687 0.999989 -0.805276
0.999999 0.001520 -0.000208 0.002579 -0.001519 0.999974 0.007075 0.008267 0.000218 -0.007075 0.999975 -0.810516
0.999995 0.003075 0.000174 -0.000424 -0.003076 0.999984 0.004808 0.001805 -0.000160 -0.004809 0.999988 -0.819695
0.999999 0.001099 0.000580 0.002626 -0.001098 0.999999 -0.000673 0.004457 -0.000581 0.000673 1.000000 -0.832557
1.000000 -0.000496 -0.000001 0.006585 0.000496 0.999972 -0.007486 0.014424 0.000004 0.007486 0.999972 -0.845096
0.999999 -0.001454 0.000297 0.006215 0.001456 0.999973 -0.007236 0.015628 -0.000287 0.007236 0.999974 -0.852408
0.999998 -0.002062 0.000312 0.007726 0.002064 0.999983 -0.005539 0.019744 -0.000300 0.005540 0.999985 -0.850895
0.999998 -0.001743 0.000383 0.007021 0.001743 0.999998 -0.000486 0.019419 -0.000382 0.000487 1.000000 -0.845484
1.000000 -0.000106 0.000443 0.003856 0.000105 0.999994 0.003462 0.014298 -0.000444 -0.003462 0.999994 -0.842314
1.000000 -0.000170 0.000396 0.004590 0.000169 0.999996 0.002712 0.010352 -0.000396 -0.002712 0.999996 -0.838557
0.999999 -0.001419 0.000204 0.004099 0.001419 0.999998 -0.001333 0.011674 -0.000202 0.001333 0.999999 -0.841504
1.000000 -0.000686 0.000114 0.001879 0.000687 0.999997 -0.002425 0.016901 -0.000112 0.002425 0.999997 -0.841954
1.000000 -0.000820 -0.000131 0.006668 0.000820 0.999998 0.001561 0.017534 0.000130 -0.001561 0.999999 -0.842405
1.000000 -0.000824 -0.000364 0.006031 0.000825 0.999986 0.005153 0.010940 0.000360 -0.005154 0.999987 -0.834949
0.999999 -0.001328 -0.000135 0.005479 0.001328 0.999991 0.004059 0.008759 0.000129 -0.004059 0.999992 -0.835031
1.000000 0.000479 -0.000458 0.004967 -0.000479 1.000000 -0.000727 0.012101 0.000457 0.000727 1.000000 -0.841368
0.999999 0.001106 -0.000616 0.006516 -0.001107 0.999997 -0.002395 0.016000 0.000613 0.002395 0.999997 -0.842996
1.000000 0.000291 -0.000280 0.002051 -0.000293 0.999988 -0.004905 0.015692 0.000279 0.004905 0.999988 -0.846057
0.999999 0.000968 -0.000417 0.001207 -0.000970 0.999984 -0.005523 0.016097 0.000412 0.005523 0.999985 -0.844738
1.000000 -0.000132 0.000225 0.004674 0.000133 0.999995 -0.003222 0.019664 -0.000224 0.003222 0.999995 -0.843589
1.000000 0.000428 -0.000204 0.003101 -0.000428 1.000000 0.000195 0.015124 0.000204 -0.000195 1.000000 -0.835213
1.000000 0.000242 -0.000023 0.003671 -0.000242 0.999990 0.004494 0.010450 0.000024 -0.004494 0.999990 -0.827407
0.999999 -0.000973 -0.000375 0.006895 0.000974 0.999990 0.004269 0.012227 0.000370 -0.004269 0.999991 -0.829149
0.999993 -0.003830 -0.000279 0.013325 0.003831 0.999990 0.002502 0.011246 0.000269 -0.002504 0.999997 -0.832421
0.999995 -0.002980 0.000493 0.011748 0.002979 0.999994 0.001576 0.010305 -0.000498 -0.001575 0.999999 -0.838375
0.999997 0.002362 0.000792 0.004617 -0.002363 0.999995 0.002067 0.015383 -0.000787 -0.002069 0.999998 -0.830768
0.999992 0.003698 0.001442 -0.001167 -0.003704 0.999985 0.004060 0.009728 -0.001427 -0.004066 0.999991 -0.827700
0.999990 0.004386 0.000988 -0.000727 -0.004388 0.999989 0.001882 0.007799 -0.000980 -0.001887 0.999998 -0.825209
0.999998 0.000414 0.001995 0.003945 -0.000407 0.999994 -0.003420 0.013005 -0.001996 0.003419 0.999992 -0.828098
0.999995 0.002557 0.001963 -0.000036 -0.002545 0.999978 -0.006065 0.018239 -0.001979 0.006060 0.999980 -0.830540
0.999996 0.001895 0.002117 -0.001446 -0.001888 0.999992 -0.003626 0.019126 -0.002124 0.003622 0.999991 -0.821975
0.999998 0.000015 0.001791 0.000818 -0.000017 1.000000 0.000978 0.015918 -0.001791 -0.000978 0.999998 -0.814138
0.999994 -0.003326 0.001015 0.009883 0.003322 0.999988 0.003640 0.015376 -0.001027 -0.003636 0.999993 -0.801110
0.999988 -0.004810 0.001214 0.013862 0.004806 0.999983 0.003251 0.011801 -0.001230 -0.003245 0.999994 -0.807363
0.999990 -0.004170 0.001312 0.012212 0.004168 0.999991 0.001162 0.011366 -0.001317 -0.001157 0.999998 -0.800615
0.999998 -0.001549 0.001136 0.007467 0.001551 0.999998 -0.001328 0.016151 -0.001134 0.001330 0.999998 -0.799870
0.999999 0.000403 0.001220 0.002752 -0.000401 0.999999 -0.001633 0.016036 -0.001221 0.001632 0.999998 -0.792058
0.999998 -0.001771 0.001036 0.006373 0.001771 0.999998 0.000241 0.015120 -0.001037 -0.000239 0.999999 -0.785570
1.000000 -0.000489 0.000747 0.004793 0.000489 1.000000 0.000017 0.014760 -0.000747 -0.000016 1.000000 -0.780762
0.999998 0.001936 0.000698 0.003475 -0.001935 0.999997 -0.001639 0.013020 -0.000701 0.001638 0.999998 -0.785129
1.000000 0.000822 0.000377 0.002613 -0.000821 0.999996 -0.002800 0.014802 -0.000380 0.002800 0.999996 -0.779504
1.000000 -0.000260 0.000242 0.004992 0.000261 0.999991 -0.004231 0.017955 -0.000241 0.004231 0.999991 -0.774401
1.000000 0.000041 0.000775 0.001992 -0.000039 0.999998 -0.002084 0.017512 -0.000775 0.002084 0.999998 -0.766594
1.000000 0.000413 0.000866 0.002056 -0.000413 1.000000 0.000066 0.016276 -0.000866 -0.000066 1.000000 -0.757465
1.000000 0.000759 0.000470 0.002429 -0.000759 0.999998 0.002066 0.014968 -0.000468 -0.002066 0.999998 -0.747104
1.000000 0.000423 0.000309 0.005105 -0.000424 0.999993 0.003666 0.012639 -0.000308 -0.003666 0.999993 -0.739545
1.000000 -0.000211 -0.000179 0.006221 0.000212 0.999996 0.002876 0.012159 0.000178 -0.002876 0.999996 -0.728446
0.999999 -0.000494 -0.001217 0.006703 0.000497 0.999997 0.002323 0.011873 0.001216 -0.002324 0.999997 -0.718198
0.999995 -0.002195 -0.002319 0.008150 0.002196 0.999997 0.000510 0.013958 0.002318 -0.000515 0.999997 -0.705213
0.999992 -0.000210 -0.003965 0.002818 0.000206 1.000000 -0.000941 0.014557 0.003965 0.000940 0.999992 -0.686400
0.999983 0.000936 -0.005811 0.001235 -0.000944 0.999999 -0.001451 0.013791 0.005810 0.001456 0.999982 -0.671482
0.999974 0.001064 -0.007194 0.001206 -0.001074 0.999998 -0.001415 0.014484 0.007193 0.001423 0.999973 -0.660701
0.999961 -0.000640 -0.008837 0.003782 0.000628 0.999999 -0.001366 0.014766 0.008838 0.001361 0.999960 -0.642941
0.999926 -0.001845 -0.012002 0.003595 0.001824 0.999997 -0.001783 0.014764 0.012005 0.001761 0.999926 -0.625327
0.999884 -0.002533 -0.015044 0.003502 0.002508 0.999995 -0.001658 0.013083 0.015048 0.001620 0.999885 -0.612334
0.999827 -0.001012 -0.018577 -0.001520 0.000988 0.999999 -0.001342 0.013804 0.018578 0.001324 0.999827 -0.592696
0.999752 -0.000214 -0.022281 -0.006167 0.000195 1.000000 -0.000870 0.013638 0.022281 0.000865 0.999751 -0.566993
0.999677 0.001400 -0.025372 -0.016590 -0.001411 0.999999 -0.000417 0.013538 0.025372 0.000453 0.999678 -0.545286
0.999567 0.002377 -0.029337 -0.017748 -0.002367 0.999997 0.000370 0.011286 0.029338 -0.000300 0.999570 -0.529315
0.999414 0.002254 -0.034151 -0.022424 -0.002260 0.999997 -0.000130 0.010588 0.034150 0.000207 0.999417 -0.509191
0.999285 0.001818 -0.037763 -0.026717 -0.001836 0.999998 -0.000446 0.009862 0.037762 0.000515 0.999287 -0.493707
0.999156 0.001476 -0.041054 -0.030801 -0.001472 0.999999 0.000122 0.010341 0.041054 -0.000062 0.999157 -0.482308
0.998946 0.002463 -0.045824 -0.030714 -0.002531 0.999996 -0.001411 0.011345 0.045821 0.001526 0.998949 -0.476474
0.998764 0.004936 -0.049459 -0.037371 -0.004928 0.999988 0.000275 0.013087 0.049460 -0.000031 0.998776 -0.470983
0.998601 0.009460 -0.052028 -0.039860 -0.009341 0.999953 0.002517 0.013763 0.052049 -0.002028 0.998642 -0.450418
0.998479 0.006770 -0.054724 -0.033759 -0.006586 0.999972 0.003531 0.007871 0.054747 -0.003165 0.998495 -0.450629
0.998351 0.006569 -0.057035 -0.031692 -0.006417 0.999975 0.002858 0.001367 0.057052 -0.002487 0.998368 -0.451596
0.998348 0.001048 -0.057451 -0.025177 -0.001044 0.999999 0.000097 0.002690 0.057451 -0.000036 0.998348 -0.448078
0.998466 0.002846 -0.055290 -0.030959 -0.002862 0.999996 -0.000212 0.006153 0.055290 0.000370 0.998470 -0.450994
0.998545 0.008985 -0.053174 -0.042293 -0.009021 0.999959 -0.000450 0.008121 0.053168 0.000929 0.998585 -0.449673
0.998491 0.011820 -0.053637 -0.049289 -0.011848 0.999930 -0.000202 0.012304 0.053631 0.000838 0.998560 -0.449588
0.998506 0.002916 -0.054558 -0.031706 -0.002694 0.999988 0.004151 0.009552 0.054569 -0.003998 0.998502 -0.446454
0.998467 -0.001777 -0.055329 -0.025143 0.002219 0.999966 0.007927 0.005183 0.055313 -0.008038 0.998437 -0.438066
0.998355 -0.002476 -0.057276 -0.026347 0.003184 0.999920 0.012282 -0.001557 0.057241 -0.012444 0.998283 -0.445897
0.998253 -0.004123 -0.058935 -0.024951 0.004657 0.999949 0.008920 -0.004476 0.058895 -0.009179 0.998222 -0.463106
0.998216 -0.001004 -0.059691 -0.025494 0.001232 0.999992 0.003797 -0.006094 0.059687 -0.003864 0.998210 -0.488560
0.998234 0.000551 -0.059401 -0.026435 -0.000381 0.999996 0.002875 -0.008693 0.059402 -0.002848 0.998230 -0.507587
0.998295 -0.003295 -0.058273 -0.023303 0.003462 0.999990 0.002772 -0.002136 0.058263 -0.002969 0.998297 -0.512171
0.998502 -0.001038 -0.054714 -0.019065 0.000987 0.999999 -0.000976 0.004275 0.054715 0.000921 0.998502 -0.539223
0.998770 -0.006483 -0.049160 -0.017309 0.006448 0.999979 -0.000866 0.003314 0.049164 0.000548 0.998791 -0.546197
0.998966 -0.005155 -0.045180 -0.012442 0.005224 0.999985 0.001410 0.001378 0.045172 -0.001644 0.998978 -0.552597
0.999230 -0.004824 -0.038936 -0.009968 0.004758 0.999987 -0.001783 0.002883 0.038944 0.001596 0.999240 -0.570091
0.999494 -0.000003 -0.031821 -0.014232 -0.000068 0.999997 -0.002240 0.007947 0.031821 0.002241 0.999491 -0.586665
0.999673 0.001197 -0.025525 -0.014523 -0.001239 0.999998 -0.001665 0.008130 0.025523 0.001696 0.999673 -0.600593
0.999760 0.000361 -0.021887 -0.009516 -0.000409 0.999998 -0.002151 0.005551 0.021886 0.002159 0.999758 -0.619249
0.999819 -0.001949 -0.018907 -0.003319 0.001897 0.999994 -0.002772 0.007299 0.018912 0.002736 0.999817 -0.636446
0.999865 -0.004526 -0.015773 0.001309 0.004500 0.999988 -0.001740 0.006486 0.015781 0.001669 0.999874 -0.648639
0.999901 -0.003549 -0.013626 0.002452 0.003528 0.999993 -0.001512 0.009620 0.013632 0.001464 0.999906 -0.664401
0.999910 0.001258 -0.013361 -0.005945 -0.001258 0.999999 0.000034 0.008592 0.013361 -0.000017 0.999911 -0.674925
0.999903 -0.000202 -0.013935 -0.006118 0.000204 1.000000 0.000109 0.008489 0.013935 -0.000112 0.999903 -0.689916
0.999891 -0.000341 -0.014782 -0.002715 0.000329 1.000000 -0.000798 0.005002 0.014782 0.000793 0.999890 -0.709776
0.999897 -0.001440 -0.014313 -0.001360 0.001429 0.999999 -0.000759 0.007686 0.014314 0.000738 0.999897 -0.722788
0.999918 -0.000622 -0.012830 -0.000111 0.000655 0.999997 0.002539 0.011034 0.012828 -0.002547 0.999914 -0.733043
0.999936 -0.001336 -0.011220 0.000786 0.001392 0.999987 0.004998 0.009114 0.011213 -0.005013 0.999925 -0.737986
0.999951 0.001108 -0.009820 -0.000805 -0.001049 0.999981 0.006022 0.000899 0.009826 -0.006011 0.999934 -0.748277
0.999966 -0.000088 -0.008232 0.001450 0.000089 1.000000 0.000091 0.001378 0.008232 -0.000092 0.999966 -0.768490
0.999976 -0.001406 -0.006729 0.004178 0.001364 0.999979 -0.006290 0.010202 0.006737 0.006280 0.999958 -0.774280
0.999980 -0.003784 -0.005093 0.009409 0.003741 0.999958 -0.008335 0.018964 0.005124 0.008316 0.999952 -0.775165
0.999991 -0.000352 -0.004160 0.003388 0.000336 0.999993 -0.003762 0.017051 0.004162 0.003760 0.999984 -0.775371
0.999993 0.001144 -0.003424 -0.000033 -0.001141 0.999999 0.001065 0.012417 0.003425 -0.001061 0.999994 -0.765891
0.999995 0.000229 -0.003066 0.000829 -0.000226 1.000000 0.000837 0.011921 0.003066 -0.000837 0.999995 -0.767558
0.999995 0.001635 -0.002880 -0.000179 -0.001642 0.999996 -0.002165 0.011961 0.002876 0.002169 0.999994 -0.769853
0.999995 0.001983 -0.002447 -0.000881 -0.001989 0.999995 -0.002479 0.016171 0.002442 0.002484 0.999994 -0.771089
0.999994 0.002098 -0.002916 -0.002255 -0.002103 0.999996 -0.001659 0.017135 0.002912 0.001665 0.999994 -0.767498
0.999997 0.000378 -0.002601 -0.001078 -0.000369 0.999994 0.003512 0.016362 0.002603 -0.003511 0.999990 -0.757983
0.999993 -0.003442 -0.001763 0.006105 0.003455 0.999967 0.007337 0.010103 0.001738 -0.007343 0.999972 -0.753812
0.999998 -0.001259 -0.001830 0.006017 0.001272 0.999971 0.007526 0.008843 0.001820 -0.007528 0.999970 -0.754543
0.999998 -0.001263 -0.001362 0.004731 0.001269 0.999991 0.004091 0.007184 0.001357 -0.004093 0.999991 -0.758636
0.999997 -0.001415 -0.002102 0.006719 0.001411 0.999997 -0.001759 0.011813 0.002105 0.001756 0.999996 -0.761506
0.999992 -0.003243 -0.002421 0.011678 0.003233 0.999986 -0.004097 0.017054 0.002435 0.004089 0.999989 -0.765633
0.999993 -0.003071 -0.002204 0.011223 0.003059 0.999982 -0.005244 0.019211 0.002220 0.005237 0.999984 -0.766168
0.999994 0.002572 -0.002413 0.003229 -0.002577 0.999995 -0.001939 0.014413 0.002408 0.001945 0.999995 -0.763495
0.999995 0.002946 -0.001102 -0.000928 -0.002946 0.999996 -0.000087 0.018025 0.001102 0.000090 0.999999 -0.756136
0.999998 0.001819 -0.000917 -0.001009 -0.001819 0.999998 -0.000136 0.016432 0.000917 0.000138 1.000000 -0.753948
0.999999 0.000288 -0.001082 0.004764 -0.000286 0.999998 0.001749 0.011149 0.001082 -0.001749 0.999998 -0.754716
0.999998 0.001916 -0.000546 -0.002052 -0.001916 0.999998 0.001137 0.011202 0.000549 -0.001136 0.999999 -0.753711
0.999999 0.000822 -0.000680 0.001880 -0.000822 1.000000 -0.000113 0.011716 0.000680 0.000114 1.000000 -0.763145
0.999995 -0.002988 -0.000849 0.010223 0.002988 0.999995 -0.001014 0.010341 0.000852 0.001012 0.999999 -0.774768
1.000000 0.000134 -0.000058 0.007434 -0.000134 1.000000 0.000933 0.010724 0.000058 -0.000933 1.000000 -0.780593
0.999998 0.000459 0.001747 0.003940 -0.000459 1.000000 0.000079 0.011682 -0.001747 -0.000080 0.999998 -0.781712
0.999994 0.002688 0.002204 0.001490 -0.002687 0.999996 -0.000453 0.009214 -0.002205 0.000447 0.999997 -0.787279
0.999994 -0.001621 0.003095 0.008425 0.001620 0.999999 0.000259 0.010011 -0.003095 -0.000254 0.999995 -0.792410
0.999989 -0.003719 0.002831 0.012700 0.003719 0.999993 0.000308 0.013693 -0.002832 -0.000297 0.999996 -0.799454
0.999996 -0.000867 0.002558 0.008478 0.000854 0.999987 0.005062 0.008872 -0.002562 -0.005060 0.999984 -0.799937
0.999996 -0.001115 0.002603 0.003495 0.001106 0.999993 0.003593 0.005139 -0.002607 -0.003591 0.999990 -0.805307
0.999998 0.000673 0.001859 0.005378 -0.000676 0.999998 0.001764 0.005866 -0.001857 -0.001765 0.999997 -0.811500
0.999997 -0.000145 0.002398 0.003161 0.000149 0.999999 -0.001365 0.010638 -0.002398 0.001366 0.999996 -0.830539
0.999996 0.001431 0.002279 0.001238 -0.001429 0.999999 -0.000681 0.012142 -0.002280 0.000678 0.999997 -0.829548
0.999998 0.000743 0.001864 0.003180 -0.000740 0.999998 -0.001630 0.008363 -0.001865 0.001628 0.999997 -0.838111
0.999999 0.000578 0.001150 0.004706 -0.000573 0.999993 -0.003572 0.011829 -0.001152 0.003571 0.999993 -0.840501
0.999999 0.000550 0.000981 0.003582 -0.000545 0.999989 -0.004708 0.015193 -0.000984 0.004707 0.999988 -0.856139
1.000000 0.000130 -0.000598 0.003752 -0.000132 0.999998 -0.002036 0.014688 0.000598 0.002036 0.999998 -0.857892
0.999993 -0.003103 -0.002042 0.008083 0.003103 0.999995 -0.000059 0.012194 0.002043 0.000053 0.999998 -0.862165
0.999998 -0.000259 -0.001939 0.006551 0.000262 0.999999 0.001336 0.010497 0.001939 -0.001337 0.999997 -0.866737
0.999996 0.002189 -0.001653 0.001568 -0.002186 0.999995 0.002273 0.011021 0.001658 -0.002270 0.999996 -0.866351
0.999992 0.003539 -0.001797 -0.001211 -0.003536 0.999992 0.001661 0.011132 0.001803 -0.001655 0.999997 -0.874498
0.999998 0.001138 -0.001875 0.002440 -0.001137 0.999999 0.000446 0.008863 0.001875 -0.000443 0.999998 -0.875410
0.999996 0.002578 -0.000891 0.001211 -0.002580 0.999993 -0.002536 0.015470 0.000884 0.002538 0.999996 -0.875690
0.999996 0.002869 -0.000739 -0.001590 -0.002871 0.999993 -0.002479 0.016825 0.000732 0.002481 0.999997 -0.877869
1.000000 0.000498 -0.000806 0.002037 -0.000498 1.000000 -0.000289 0.017719 0.000806 0.000290 1.000000 -0.870459
0.999998 -0.001767 -0.001020 0.006013 0.001770 0.999993 0.003194 0.016691 0.001014 -0.003195 0.999994 -0.869652
0.999995 -0.002993 -0.000665 0.009214 0.002996 0.999979 0.005780 0.012100 0.000648 -0.005782 0.999983 -0.863616
0.999997 -0.002230 -0.001048 0.007492 0.002236 0.999982 0.005532 0.009040 0.001036 -0.005534 0.999984 -0.858727
0.999987 -0.005081 -0.000908 0.013442 0.005086 0.999970 0.005819 0.009225 0.000879 -0.005823 0.999983 -0.849647
0.999999 -0.000084 -0.001202 0.009003 0.000085 1.000000 0.000897 0.010311 0.001202 -0.000897 0.999999 -0.854233
0.999995 0.003303 -0.000170 0.001871 -0.003304 0.999978 -0.005737 0.009079 0.000151 0.005738 0.999984 -0.854912
0.999999 0.001070 0.000553 0.004523 -0.001065 0.999959 -0.008943 0.020372 -0.000563 0.008943 0.999960 -0.858868
0.999998 0.001480 0.001264 0.004029 -0.001470 0.999970 -0.007561 0.023022 -0.001275 0.007559 0.999971 -0.856027
0.999996 0.001721 0.002433 -0.000014 -0.001727 0.999995 0.002506 0.013248 -0.002429 -0.002511 0.999994 -0.844222
0.999986 0.004874 0.002178 -0.004670 -0.004881 0.999982 0.003619 0.012571 -0.002160 -0.003629 0.999991 -0.841884
0.999996 0.001134 0.002582 0.001713 -0.001138 0.999998 0.001671 0.014269 -0.002580 -0.001674 0.999995 -0.834601
0.999993 -0.002449 0.002794 0.005976 0.002442 0.999994 0.002454 0.015216 -0.002800 -0.002447 0.999993 -0.827983
0.999993 -0.001901 0.003357 0.009002 0.001889 0.999992 0.003474 0.012785 -0.003363 -0.003468 0.999988 -0.825500
0.999991 -0.000803 0.004083 0.005710 0.000789 0.999994 0.003419 0.011249 -0.004086 -0.003416 0.999986 -0.817079
0.999992 -0.002315 0.003120 0.008420 0.002302 0.999990 0.003953 0.012553 -0.003129 -0.003946 0.999987 -0.813580
0.999983 -0.004784 0.003211 0.012630 0.004784 0.999989 0.000185 0.012823 -0.003212 -0.000170 0.999995 -0.812509
0.999988 -0.003282 0.003689 0.011558 0.003288 0.999993 -0.001640 0.010205 -0.003684 0.001652 0.999992 -0.810126
0.999989 -0.002374 0.003956 0.011231 0.002397 0.999980 -0.005818 0.017564 -0.003942 0.005827 0.999975 -0.808436
0.999991 -0.000046 0.004254 0.006739 0.000070 0.999985 -0.005448 0.019984 -0.004254 0.005448 0.999976 -0.804802
0.999986 0.001121 0.005192 0.004404 -0.001102 0.999993 -0.003522 0.018149 -0.005195 0.003516 0.999980 -0.799550
0.999978 0.000687 0.006648 0.004906 -0.000682 0.999999 -0.000807 0.015392 -0.006649 0.000802 0.999978 -0.794621
0.999977 0.002667 0.006168 0.001710 -0.002645 0.999990 -0.003644 0.017849 -0.006177 0.003627 0.999974 -0.793159
0.999978 -0.000571 0.006674 0.004526 0.000567 1.000000 0.000489 0.017596 -0.006674 -0.000486 0.999978 -0.783983
0.999969 -0.004919 0.006069 0.012901 0.004914 0.999987 0.000983 0.016111 -0.006074 -0.000954 0.999981 -0.780489
0.999978 -0.002640 0.006014 0.009866 0.002616 0.999989 0.004009 0.011211 -0.006025 -0.003993 0.999974 -0.775599
0.999981 0.000850 0.006066 0.004668 -0.000868 0.999995 0.002968 0.010812 -0.006063 -0.002973 0.999977 -0.775892
0.999984 -0.001527 0.005373 0.008848 0.001519 0.999998 0.001494 0.011639 -0.005375 -0.001486 0.999984 -0.776602
0.999988 -0.001204 0.004852 0.010495 0.001227 0.999988 -0.004844 0.011049 -0.004846 0.004850 0.999976 -0.777475
0.999980 -0.000149 0.006390 0.006734 0.000174 0.999992 -0.004017 0.016652 -0.006390 0.004018 0.999972 -0.770942
0.999979 0.001075 0.006450 0.004858 -0.001061 0.999997 -0.002083 0.023088 -0.006452 0.002076 0.999977 -0.767661
0.999972 0.001884 0.007216 0.004161 -0.001913 0.999990 0.004034 0.013011 -0.007208 -0.004048 0.999966 -0.762681
0.999963 0.000718 0.008585 0.003525 -0.000781 0.999973 0.007366 0.006072 -0.008580 -0.007372 0.999936 -0.755251
0.999954 0.002307 0.009284 0.005805 -0.002326 0.999995 0.002034 0.009068 -0.009279 -0.002055 0.999955 -0.753175
0.999939 0.000927 0.010966 0.008136 -0.000898 0.999996 -0.002653 0.013665 -0.010968 0.002643 0.999936 -0.756472
0.999932 0.001596 0.011578 0.009627 -0.001529 0.999982 -0.005810 0.010408 -0.011587 0.005792 0.999916 -0.759870
0.999925 -0.000028 0.012238 0.010787 0.000120 0.999972 -0.007506 0.017879 -0.012238 0.007506 0.999897 -0.752710
0.999933 0.000225 0.011615 0.010026 -0.000186 0.999995 -0.003295 0.020582 -0.011616 0.003293 0.999927 -0.750269
0.999922 -0.004418 0.011686 0.015484 0.004362 0.999979 0.004795 0.017458 -0.011707 -0.004744 0.999920 -0.737071
0.999923 -0.001938 0.012240 0.012555 0.001822 0.999953 0.009487 0.008971 -0.012258 -0.009464 0.999880 -0.730020
0.999917 0.001148 0.012833 0.008351 -0.001216 0.999985 0.005310 0.001657 -0.012826 -0.005326 0.999904 -0.736397
0.999915 0.002576 0.012799 0.004780 -0.002519 0.999987 -0.004488 0.006206 -0.012810 0.004456 0.999908 -0.749685
0.999928 0.000733 0.011948 0.011800 -0.000647 0.999974 -0.007205 0.020171 -0.011953 0.007196 0.999903 -0.755293
0.999921 0.001670 0.012437 0.015049 -0.001608 0.999986 -0.005041 0.018513 -0.012445 0.005021 0.999910 -0.756355
0.999911 0.001764 0.013206 0.006817 -0.001794 0.999996 0.002280 0.012766 -0.013202 -0.002304 0.999910 -0.746473
0.999928 0.000380 0.012009 0.007019 -0.000437 0.999989 0.004720 0.010690 -0.012007 -0.004725 0.999917 -0.747962
0.999954 0.001809 0.009442 0.006479 -0.001876 0.999974 0.007021 0.011240 -0.009430 -0.007039 0.999931 -0.738924
0.999965 0.002133 0.008129 0.004447 -0.002182 0.999979 0.006067 0.004677 -0.008116 -0.006085 0.999949 -0.748815
0.999969 -0.000663 0.007785 0.008630 0.000646 0.999997 0.002193 0.005688 -0.007787 -0.002188 0.999967 -0.759425
0.999949 -0.005562 0.008415 0.011633 0.005560 0.999985 0.000174 0.011669 -0.008415 -0.000128 0.999965 -0.750495
0.999963 0.000934 0.008550 0.008303 -0.000916 0.999997 -0.002100 0.012863 -0.008552 0.002092 0.999961 -0.758563
0.999961 0.001848 0.008658 0.003385 -0.001793 0.999978 -0.006337 0.008750 -0.008669 0.006322 0.999942 -0.763817
0.999973 0.001276 0.007207 0.009113 -0.001218 0.999967 -0.007983 0.015111 -0.007217 0.007974 0.999942 -0.773044
0.999948 -0.007932 0.006434 0.019928 0.007975 0.999945 -0.006767 0.025703 -0.006380 0.006818 0.999956 -0.770450
0.999943 -0.008755 0.006041 0.022882 0.008737 0.999957 0.003037 0.017535 -0.006067 -0.002984 0.999977 -0.760863
0.999983 0.000427 0.005880 0.008845 -0.000474 0.999968 0.007968 0.007388 -0.005877 -0.007971 0.999951 -0.754157
0.999972 0.005203 0.005414 -0.001206 -0.005245 0.999957 0.007702 0.003940 -0.005373 -0.007731 0.999956 -0.760265
0.999991 -0.001026 0.004121 0.008790 0.001023 0.999999 0.000715 0.005947 -0.004122 -0.000711 0.999991 -0.764487
0.999978 -0.004290 0.005034 0.014713 0.004315 0.999978 -0.005040 0.013533 -0.005012 0.005061 0.999975 -0.769523
0.999981 -0.000654 0.006061 0.007375 0.000679 0.999991 -0.004121 0.016999 -0.006058 0.004125 0.999973 -0.776541
0.999979 0.003016 0.005701 0.001928 -0.003028 0.999993 0.002069 0.018054 -0.005694 -0.002086 0.999982 -0.771668
0.999986 -0.001163 0.005208 0.008649 0.001130 0.999978 0.006467 0.010389 -0.005215 -0.006461 0.999966 -0.761891
0.999987 -0.000338 0.005166 0.008887 0.000303 0.999977 0.006838 0.003609 -0.005169 -0.006836 0.999963 -0.769232
0.999985 -0.001461 0.005233 0.008541 0.001453 0.999998 0.001520 0.006920 -0.005235 -0.001513 0.999985 -0.768111
0.999989 -0.001216 0.004429 0.010403 0.001235 0.999991 -0.004160 0.013914 -0.004424 0.004166 0.999982 -0.776632
0.999989 -0.000862 0.004626 0.009743 0.000871 0.999998 -0.001967 0.014694 -0.004625 0.001971 0.999987 -0.772235
0.999986 -0.000864 0.005156 0.008457 0.000866 1.000000 -0.000498 0.014029 -0.005156 0.000502 0.999987 -0.769013
0.999986 0.001604 0.005058 0.005026 -0.001609 0.999998 0.000977 0.013410 -0.005056 -0.000985 0.999987 -0.766368
0.999987 0.001709 0.004735 0.004678 -0.001713 0.999998 0.000841 0.011754 -0.004734 -0.000849 0.999988 -0.763221
0.999989 0.000750 0.004714 0.006181 -0.000748 1.000000 -0.000357 0.012024 -0.004715 0.000353 0.999989 -0.761386
0.999988 -0.001466 0.004692 0.011141 0.001468 0.999999 -0.000359 0.013159 -0.004691 0.000366 0.999989 -0.755066
0.999988 -0.000490 0.004892 0.007902 0.000490 1.000000 0.000139 0.014406 -0.004893 -0.000137 0.999988 -0.754808
0.999987 0.000950 0.005026 0.005014 -0.000971 0.999990 0.004294 0.011902 -0.005022 -0.004299 0.999978 -0.745485
0.999988 0.001204 0.004847 0.002878 -0.001227 0.999989 0.004621 0.011445 -0.004842 -0.004627 0.999978 -0.738755
0.999990 0.000193 0.004392 0.005998 -0.000206 0.999996 0.002848 0.007066 -0.004392 -0.002849 0.999986 -0.743099
0.999992 -0.000026 0.004008 0.005668 0.000041 0.999994 -0.003591 0.008323 -0.004008 0.003592 0.999986 -0.735884
0.999992 0.000281 0.003885 0.003202 -0.000248 0.999963 -0.008556 0.014384 -0.003888 0.008554 0.999956 -0.733628
0.999990 0.003039 0.003131 0.002739 -0.003010 0.999952 -0.009295 0.021201 -0.003159 0.009285 0.999952 -0.727279
0.999990 0.003092 0.003330 0.001225 -0.003077 0.999984 -0.004679 0.021870 -0.003344 0.004669 0.999984 -0.712109
0.999989 0.003240 0.003447 -0.000422 -0.003243 0.999994 0.000790 0.014182 -0.003445 -0.000801 0.999994 -0.694068
0.999994 0.000001 0.003557 0.004554 -0.000014 0.999993 0.003681 0.012552 -0.003557 -0.003681 0.999987 -0.680259
0.999995 0.000641 0.003237 0.005198 -0.000651 0.999995 0.003000 0.010646 -0.003235 -0.003002 0.999990 -0.664009
0.999995 0.001216 0.002906 0.005266 -0.001219 0.999998 0.001306 0.010358 -0.002905 -0.001310 0.999995 -0.648021
0.999995 0.001670 0.002577 0.002655 -0.001672 0.999998 0.000560 0.009073 -0.002576 -0.000565 0.999997 -0.628140
0.999996 0.000041 0.002685 0.004627 -0.000038 1.000000 -0.000921 0.013888 -0.002685 0.000921 0.999996 -0.607938
0.999996 0.001003 0.002468 0.003163 -0.000999 0.999998 -0.001457 0.013624 -0.002469 0.001454 0.999996 -0.588131
0.999993 0.002101 0.002978 -0.001185 -0.002100 0.999998 -0.000373 0.012039 -0.002979 0.000367 0.999995 -0.564749
0.999994 0.001905 0.002856 -0.004346 -0.001905 0.999998 -0.000066 0.011241 -0.002856 0.000060 0.999996 -0.544696
0.999997 0.000607 0.002531 -0.001525 -0.000610 0.999999 0.001228 0.009858 -0.002530 -0.001230 0.999996 -0.519732
0.999994 -0.002256 0.002497 0.005187 0.002247 0.999991 0.003632 0.009471 -0.002505 -0.003627 0.999990 -0.495631
0.999995 0.000336 0.003063 0.002450 -0.000350 0.999991 0.004299 0.006281 -0.003061 -0.004300 0.999986 -0.473915
0.999984 0.003054 0.004679 -0.005861 -0.003067 0.999992 0.002638 -0.000383 -0.004670 -0.002653 0.999986 -0.457736
0.999975 0.004902 0.005150 -0.004609 -0.004901 0.999988 -0.000165 0.003519 -0.005150 0.000139 0.999987 -0.435110
0.999980 -0.000385 0.006276 0.004268 0.000393 0.999999 -0.001240 0.003833 -0.006276 0.001243 0.999980 -0.415613
0.999971 -0.003263 0.006822 0.011450 0.003274 0.999993 -0.001622 0.005683 -0.006816 0.001644 0.999975 -0.397094
0.999969 -0.004295 0.006555 0.011912 0.004323 0.999981 -0.004289 0.007293 -0.006536 0.004317 0.999969 -0.379730
0.999974 -0.001862 0.007035 0.008495 0.001909 0.999975 -0.006764 0.009067 -0.007022 0.006778 0.999952 -0.360904
0.999964 0.000713 0.008489 0.003505 -0.000680 0.999993 -0.003811 0.008817 -0.008492 0.003805 0.999957 -0.338654
0.999945 0.004107 0.009634 0.000389 -0.004098 0.999991 -0.000989 0.007710 -0.009637 0.000950 0.999953 -0.317042
0.999924 0.003067 0.011981 0.002475 -0.003058 0.999995 -0.000724 0.006334 -0.011983 0.000687 0.999928 -0.298108
0.999888 0.002599 0.014705 0.005794 -0.002585 0.999996 -0.001002 0.006396 -0.014708 0.000964 0.999891 -0.282922
0.999857 -0.000012 0.016882 0.011867 0.000024 1.000000 -0.000703 0.006963 -0.016882 0.000704 0.999857 -0.266246
0.999804 -0.002287 0.019661 0.016976 0.002279 0.999997 0.000422 0.007390 -0.019661 -0.000377 0.999807 -0.251730
0.999761 -0.000451 0.021859 0.016388 0.000390 0.999996 0.002780 0.006693 -0.021861 -0.002771 0.999757 -0.237433
0.999741 -0.001318 0.022728 0.016635 0.001197 0.999985 0.005364 0.003870 -0.022734 -0.005335 0.999727 -0.224730
0.999748 -0.000114 0.022465 0.015911 -0.000013 0.999984 0.005654 0.000248 -0.022465 -0.005653 0.999732 -0.212775
0.999741 -0.004170 0.022371 0.021298 0.004074 0.999982 0.004366 -0.002125 -0.022389 -0.004273 0.999740 -0.207603
0.999721 -0.007546 0.022380 0.027256 0.007491 0.999969 0.002546 -0.001561 -0.022398 -0.002378 0.999746 -0.208419
0.999704 -0.002714 0.024161 0.019959 0.002708 0.999996 0.000256 -0.001477 -0.024161 -0.000190 0.999708 -0.210633
0.999659 0.003035 0.025919 0.008322 -0.003021 0.999995 -0.000582 -0.004024 -0.025921 0.000504 0.999664 -0.212013
0.999632 0.002785 0.026965 0.010548 -0.002758 0.999996 -0.001063 -0.002159 -0.026968 0.000988 0.999636 -0.212074
0.999577 -0.000134 0.029078 0.017827 0.000190 0.999998 -0.001953 -0.000780 -0.029077 0.001958 0.999575 -0.211448
0.999519 -0.003858 0.030786 0.023250 0.003936 0.999989 -0.002474 -0.001969 -0.030777 0.002594 0.999523 -0.212425
0.999525 -0.002459 0.030710 0.021853 0.002549 0.999993 -0.002894 -0.001056 -0.030703 0.002971 0.999524 -0.212516
0.999508 -0.002201 0.031290 0.020580 0.002255 0.999996 -0.001717 0.000113 -0.031286 0.001786 0.999509 -0.211737
0.999512 -0.003621 0.031030 0.024627 0.003656 0.999993 -0.001071 0.001441 -0.031026 0.001184 0.999518 -0.209587
0.999496 -0.004762 0.031370 0.026906 0.004824 0.999987 -0.001882 0.002219 -0.031361 0.002033 0.999506 -0.210563
0.999475 -0.002920 0.032261 0.024211 0.002974 0.999994 -0.001628 0.005330 -0.032256 0.001723 0.999478 -0.209655
0.999427 0.000442 0.033840 0.021523 -0.000463 1.000000 0.000611 0.005759 -0.033840 -0.000626 0.999427 -0.211940
0.999354 -0.000795 0.035932 0.024698 0.000652 0.999992 0.003971 0.003427 -0.035935 -0.003945 0.999346 -0.224536
0.999284 -0.000323 0.037829 0.026970 0.000129 0.999987 0.005105 -0.001415 -0.037830 -0.005097 0.999271 -0.241186
0.999121 -0.000418 0.041915 0.029517 0.000300 0.999996 0.002821 -0.002182 -0.041916 -0.002806 0.999117 -0.257481
0.999041 -0.000092 0.043777 0.030416 0.000028 0.999999 0.001454 -0.003610 -0.043778 -0.001451 0.999040 -0.277517
0.998971 0.000027 0.045345 0.033992 -0.000128 0.999998 0.002220 -0.004327 -0.045345 -0.002224 0.998969 -0.292640
0.998799 0.000612 0.048989 0.028780 -0.000757 0.999995 0.002937 -0.005099 -0.048987 -0.002971 0.998795 -0.305551
0.998724 0.000437 0.050497 0.030216 -0.000548 0.999997 0.002169 -0.003605 -0.050496 -0.002194 0.998722 -0.319730
0.998703 0.000327 0.050921 0.035332 -0.000357 1.000000 0.000583 -0.003785 -0.050920 -0.000600 0.998703 -0.333465
0.998619 0.000565 0.052526 0.035719 -0.000504 0.999999 -0.001179 -0.002401 -0.052527 0.001151 0.998619 -0.348429
0.998549 0.002530 0.053785 0.028783 -0.002427 0.999995 -0.001985 -0.003531 -0.053790 0.001851 0.998551 -0.365688
0.998528 0.002694 0.054169 0.029080 -0.002600 0.999995 -0.001795 0.000530 -0.054173 0.001651 0.998530 -0.375241
0.998510 0.002963 0.054487 0.026938 -0.002901 0.999995 -0.001220 0.000341 -0.054490 0.001060 0.998514 -0.390083
0.998532 0.001563 0.054145 0.026908 -0.001505 0.999998 -0.001112 -0.001537 -0.054146 0.001029 0.998532 -0.406624
0.998605 0.000605 0.052804 0.028705 -0.000553 0.999999 -0.001002 -0.002127 -0.052805 0.000972 0.998604 -0.422915
0.998670 0.001859 0.051521 0.024958 -0.001828 0.999998 -0.000637 -0.001501 -0.051522 0.000542 0.998672 -0.439355
0.998696 0.003367 0.050933 0.021025 -0.003355 0.999994 -0.000310 -0.000970 -0.050934 0.000139 0.998702 -0.455652
0.998732 0.003723 0.050196 0.018667 -0.003712 0.999993 -0.000318 0.002247 -0.050196 0.000131 0.998739 -0.472376
0.998829 0.003459 0.048266 0.021721 -0.003432 0.999994 -0.000637 0.002243 -0.048268 0.000470 0.998834 -0.488492
0.998915 0.002836 0.046479 0.022003 -0.002808 0.999996 -0.000660 0.003054 -0.046481 0.000528 0.998919 -0.506508
0.999039 0.001444 0.043806 0.021878 -0.001419 0.999999 -0.000588 0.003314 -0.043806 0.000525 0.999040 -0.517455
0.999239 0.000112 0.039001 0.026734 -0.000092 1.000000 -0.000530 0.003991 -0.039002 0.000526 0.999239 -0.537523
0.999442 -0.000882 0.033395 0.022471 0.000889 1.000000 -0.000194 0.004070 -0.033395 0.000223 0.999442 -0.558882
0.999631 -0.002251 0.027086 0.024641 0.002246 0.999997 0.000214 0.004593 -0.027087 -0.000154 0.999633 -0.577306
0.999764 -0.002045 0.021612 0.018018 0.002029 0.999998 0.000766 0.003402 -0.021613 -0.000722 0.999766 -0.601575
0.999854 -0.001471 0.017044 0.015933 0.001478 0.999999 -0.000431 0.003622 -0.017043 0.000456 0.999855 -0.621497
0.999904 0.000603 0.013877 0.011470 -0.000594 1.000000 -0.000680 0.005155 -0.013878 0.000672 0.999903 -0.636522
0.999925 0.000741 0.012231 0.008419 -0.000730 0.999999 -0.000859 0.006377 -0.012232 0.000850 0.999925 -0.653673
0.999951 0.000963 0.009841 0.009746 -0.000954 0.999999 -0.000919 0.007192 -0.009842 0.000909 0.999951 -0.674319
0.999968 -0.000902 0.007962 0.008599 0.000908 0.999999 -0.000753 0.006829 -0.007962 0.000761 0.999968 -0.688240
0.999975 -0.000644 0.006975 0.009388 0.000647 1.000000 -0.000483 0.006168 -0.006974 0.000488 0.999976 -0.707030
0.999984 0.000371 0.005716 0.004068 -0.000369 1.000000 -0.000336 0.006986 -0.005716 0.000334 0.999984 -0.724924
0.999991 0.000774 0.004284 0.004141 -0.000772 1.000000 -0.000491 0.007607 -0.004285 0.000488 0.999991 -0.737538
0.999995 0.000957 0.002983 0.003241 -0.000956 0.999999 -0.000495 0.007452 -0.002984 0.000492 0.999995 -0.753026
