1.000000 0.000000 0.000000 0.000000 0.000000 1.000000 0.000000 0.000000 0.000000 0.000000 1.000000 0.000000
0.999996 -0.002670 -0.000392 0.014288 0.002669 0.999995 -0.001679 0.018329 0.000397 0.001678 0.999999 -0.758634
0.999996 -0.002673 -0.000325 0.015434 0.002673 0.999996 -0.000414 0.017286 0.000326 0.000413 1.000000 -0.748714
0.999999 -0.001347 -0.000437 0.009209 0.001347 0.999999 0.000337 0.015651 0.000437 -0.000338 1.000000 -0.741160
0.999998 -0.001936 -0.000302 0.015662 0.001936 0.999998 0.000339 0.014503 0.000301 -0.000340 1.000000 -0.724007
1.000000 -0.000126 -0.000493 0.010296 0.000126 1.000000 0.000311 0.012427 0.000493 -0.000311 1.000000 -0.711732
1.000000 -0.000119 -0.000266 0.003505 0.000119 0.999999 -0.001019 0.016710 0.000266 0.001019 0.999999 -0.694531
0.999999 -0.000800 -0.000601 0.007276 0.000798 0.999996 -0.002700 0.013459 0.000603 0.002700 0.999996 -0.682602
0.999999 0.000200 -0.001417 0.005591 -0.000206 0.999992 -0.003905 0.013288 0.001417 0.003905 0.999991 -0.663443
0.999999 0.000666 -0.001329 0.005248 -0.000671 0.999994 -0.003490 0.015939 0.001326 0.003491 0.999993 -0.637466
0.999999 0.000763 -0.001079 0.005714 -0.000765 0.999998 -0.002083 0.014139 0.001078 0.002084 0.999997 -0.615110
0.999999 -0.000553 -0.001235 0.005386 0.000554 1.000000 0.000189 0.016012 0.001235 -0.000189 0.999999 -0.583453
0.999999 -0.000981 -0.001196 0.006502 0.000984 0.999996 0.002726 0.012163 0.001193 -0.002727 0.999996 -0.558840
0.999999 -0.000057 -0.001013 0.004264 0.000060 0.999996 0.002814 0.010000 0.001012 -0.002814 0.999996 -0.527849
0.999997 0.001646 -0.001597 -0.001522 -0.001643 0.999997 0.001589 0.006731 0.001599 -0.001586 0.999997 -0.505323
0.999991 0.003777 -0.001856 -0.002856 -0.003773 0.999990 0.002462 0.008262 0.001866 -0.002455 0.999995 -0.471194
0.999997 0.001725 -0.001951 0.001305 -0.001723 0.999998 0.001251 0.007780 0.001953 -0.001248 0.999997 -0.443298
0.999988 -0.004255 -0.002401 0.015579 0.004260 0.999989 0.001977 0.010794 0.002393 -0.001988 0.999995 -0.405016
0.999985 -0.004412 -0.003190 0.010598 0.004414 0.999990 0.000734 0.009662 0.003186 -0.000748 0.999995 -0.378069
0.999994 -0.000549 -0.003390 0.000696 0.000545 0.999999 -0.001034 0.006784 0.003391 0.001032 0.999994 -0.354599
0.999987 0.004138 -0.003102 -0.006184 -0.004139 0.999991 -0.000356 0.003999 0.003100 0.000369 0.999995 -0.324132
0.999986 0.004861 -0.002310 -0.016451 -0.004861 0.999988 0.000262 0.003538 0.002311 -0.000251 0.999997 -0.292704
0.999991 0.003500 -0.002228 -0.013444 -0.003503 0.999993 -0.001330 0.007457 0.002224 0.001337 0.999997 -0.264456
0.999997 0.000252 -0.002594 -0.002637 -0.000255 0.999999 -0.001114 0.007168 0.002593 0.001115 0.999996 -0.231623
0.999997 -0.000757 -0.002130 0.000156 0.000760 0.999999 0.000998 0.004846 0.002129 -0.001000 0.999997 -0.204927
0.999997 -0.000970 -0.002144 -0.000591 0.000973 0.999998 0.001494 0.004317 0.002142 -0.001497 0.999997 -0.186910
0.999994 -0.002148 -0.002553 0.002091 0.002150 0.999997 0.000784 0.005565 0.002551 -0.000790 0.999996 -0.170444
0.999995 -0.002667 -0.001615 0.002279 0.002668 0.999996 0.000527 0.008568 0.001614 -0.000531 0.999999 -0.160333
0.999998 -0.001221 -0.001443 0.003598 0.001223 0.999998 0.001425 0.006525 0.001441 -0.001426 0.999998 -0.152926
0.999998 0.000936 -0.001927 -0.002160 -0.000932 0.999998 0.001722 0.004340 0.001928 -0.001720 0.999997 -0.147338
0.999998 0.001480 -0.001418 -0.005562 -0.001478 0.999998 0.001440 0.003078 0.001420 -0.001438 0.999998 -0.141361
0.999999 0.000802 -0.001284 0.000297 -0.000801 0.999999 0.001064 0.002639 0.001284 -0.001063 0.999999 -0.131622
0.999999 -0.000488 -0.001465 -0.002594 0.000490 0.999999 0.001372 0.002655 0.001464 -0.001373 0.999998 -0.133124
0.999999 -0.000667 -0.001187 -0.002250 0.000669 0.999998 0.002063 0.003422 0.001185 -0.002064 0.999997 -0.125194
1.000000 0.000367 -0.000669 -0.008585 -0.000365 0.999998 0.002110 0.003493 0.000670 -0.002110 0.999998 -0.128637
0.999999 0.001323 -0.000680 -0.004163 -0.001321 0.999997 0.002181 0.004848 0.000683 -0.002180 0.999997 -0.120659
0.999999 0.001159 0.000658 -0.007557 -0.001160 0.999998 0.001804 0.003065 -0.000656 -0.001805 0.999998 -0.125949
0.999997 0.000775 0.002299 -0.007650 -0.000778 0.999999 0.001144 0.002413 -0.002298 -0.001146 0.999997 -0.133936
0.999994 0.000349 0.003587 -0.019849 -0.000352 0.999999 0.000942 -0.000077 -0.003586 -0.000943 0.999993 -0.160902
0.999925 0.006845 0.010186 -0.228185 -0.006851 0.999976 0.000513 -0.027086 -0.010182 -0.000583 0.999948 -0.527122
0.999874 0.009384 0.012780 -0.245773 -0.009381 0.999956 -0.000237 -0.022076 -0.012781 0.000118 0.999918 -0.566701
0.999851 0.009749 0.014261 -0.278960 -0.009745 0.999952 -0.000396 -0.029686 -0.014264 0.000257 0.999898 -0.598384
0.999869 0.005509 0.015215 -0.315935 -0.005532 0.999984 0.001494 -0.076473 -0.015207 -0.001578 0.999883 -0.650649
0.999964 0.000195 0.008483 -0.005189 -0.000204 0.999999 0.001083 -0.002373 -0.008483 -0.001085 0.999963 -0.146819
0.999950 0.001119 0.009954 0.012824 -0.001131 0.999999 0.001275 0.000635 -0.009953 -0.001286 0.999950 -0.126965
0.999915 0.001515 0.012948 0.010630 -0.001536 0.999997 0.001633 0.001558 -0.012945 -0.001653 0.999915 -0.136249
0.999868 0.000634 0.016250 0.014740 -0.000664 0.999998 0.001844 0.001239 -0.016249 -0.001854 0.999866 -0.152399
0.999813 -0.000422 0.019342 0.017703 0.000403 0.999999 0.001024 -0.000789 -0.019342 -0.001016 0.999812 -0.173885
0.999761 -0.000885 0.021844 0.023940 0.000893 1.000000 -0.000336 0.000183 -0.021843 0.000355 0.999761 -0.188837
0.999720 -0.000590 0.023635 0.026281 0.000622 0.999999 -0.001336 0.001246 -0.023634 0.001350 0.999720 -0.206220
0.999640 -0.000819 0.026813 0.029773 0.000855 0.999999 -0.001324 0.000735 -0.026812 0.001346 0.999640 -0.219267
0.999540 -0.000906 0.030298 0.031653 0.000965 0.999998 -0.001922 0.003631 -0.030296 0.001950 0.999539 -0.230988
0.999433 0.000385 0.033657 0.025982 -0.000274 0.999994 -0.003306 0.005235 -0.033658 0.003295 0.999428 -0.243444
0.999296 -0.000326 0.037504 0.031262 0.000467 0.999993 -0.003730 0.004306 -0.037503 0.003745 0.999290 -0.253608
0.999159 -0.000595 0.040997 0.031374 0.000804 0.999987 -0.005071 0.005602 -0.040993 0.005099 0.999146 -0.266502
0.999064 -0.002877 0.043156 0.036214 0.003072 0.999985 -0.004454 0.008101 -0.043143 0.004583 0.999058 -0.274150
0.999004 -0.002562 0.044546 0.033873 0.002734 0.999989 -0.003813 0.007329 -0.044536 0.003931 0.999000 -0.290601
0.998926 -0.000686 0.046325 0.035038 0.000918 0.999987 -0.004993 0.008348 -0.046321 0.005030 0.998914 -0.310964
0.998860 -0.000405 0.047736 0.035206 0.000733 0.999976 -0.006841 0.008688 -0.047732 0.006868 0.998837 -0.324721
0.998797 -0.001701 0.049002 0.032532 0.001992 0.999981 -0.005878 0.011294 -0.048991 0.005969 0.998781 -0.328752
0.998711 -0.003693 0.050626 0.037327 0.003885 0.999986 -0.003700 0.012436 -0.050612 0.003892 0.998711 -0.340530
0.998620 -0.002179 0.052470 0.033921 0.002304 0.999995 -0.002308 0.010349 -0.052465 0.002425 0.998620 -0.346852
0.998569 -0.003965 0.053338 0.036772 0.003994 0.999992 -0.000430 0.006514 -0.053336 0.000643 0.998576 -0.365777
0.998502 -0.001873 0.054677 0.032807 0.001951 0.999997 -0.001376 0.003867 -0.054674 0.001480 0.998503 -0.376574
0.998434 -0.002868 0.055869 0.034465 0.003004 0.999993 -0.002350 0.001957 -0.055862 0.002514 0.998435 -0.402162
0.998450 0.000195 0.055655 0.032465 -0.000105 0.999999 -0.001627 0.002847 -0.055655 0.001619 0.998449 -0.414115
0.998463 0.000480 0.055423 0.029606 -0.000473 1.000000 -0.000155 0.005137 -0.055423 0.000128 0.998463 -0.436496
0.998465 0.003051 0.055302 0.029191 -0.003006 0.999995 -0.000912 0.004639 -0.055304 0.000745 0.998469 -0.451336
0.998447 0.002344 0.055660 0.024829 -0.002256 0.999996 -0.001654 0.004369 -0.055663 0.001526 0.998448 -0.474688
0.998449 -0.000609 0.055676 0.032749 0.000672 0.999999 -0.001130 0.001693 -0.055675 0.001166 0.998448 -0.490694
0.998354 -0.001378 0.057335 0.032954 0.001302 0.999998 0.001367 -0.000392 -0.057337 -0.001290 0.998354 -0.505668
0.998268 0.002604 0.058779 0.026254 -0.002610 0.999997 0.000036 0.001817 -0.058778 -0.000189 0.998271 -0.523568
0.998277 0.002719 0.058606 0.024052 -0.002714 0.999996 -0.000179 0.002710 -0.058606 0.000020 0.998281 -0.541152
0.998337 0.000067 0.057639 0.027623 -0.000133 0.999999 0.001133 -0.001155 -0.057639 -0.001139 0.998337 -0.555132
0.998435 -0.001445 0.055899 0.029435 0.001754 0.999983 -0.005474 -0.000441 -0.055890 0.005563 0.998421 -0.578781
0.998568 0.000565 0.053486 0.023163 -0.000280 0.999986 -0.005348 0.007102 -0.053488 0.005326 0.998554 -0.597072
0.998759 0.003070 0.049715 0.018186 -0.002978 0.999994 -0.001922 0.007945 -0.049720 0.001772 0.998762 -0.614536
0.998978 0.000325 0.045208 0.018311 -0.000256 0.999999 -0.001534 0.013029 -0.045208 0.001520 0.998976 -0.635613
0.999159 -0.002099 0.040939 0.021158 0.002021 0.999996 0.001946 0.006272 -0.040943 -0.001862 0.999160 -0.645974
0.999340 -0.003971 0.036116 0.017299 0.003808 0.999982 0.004597 -0.003811 -0.036134 -0.004456 0.999337 -0.664648
0.999577 -0.003269 0.028893 0.017294 0.003270 0.999995 0.000036 -0.001294 -0.028893 0.000058 0.999583 -0.687805
0.999770 -0.002051 0.021362 0.011596 0.002141 0.999989 -0.004173 0.005074 -0.021353 0.004218 0.999763 -0.711380
0.999912 0.001018 0.013245 0.006192 -0.000939 0.999982 -0.005984 0.008397 -0.013250 0.005971 0.999894 -0.732849
0.999967 -0.000830 0.008039 0.006041 0.000851 0.999996 -0.002691 0.011815 -0.008037 0.002698 0.999964 -0.748878
0.999991 0.000902 0.004049 0.004455 -0.000913 0.999996 0.002747 0.011045 -0.004047 -0.002751 0.999988 -0.766754
0.999972 0.007485 -0.000137 -0.005815 -0.007485 0.999963 0.004189 0.003971 0.000168 -0.004188 0.999991 -0.780451
0.999922 0.012004 -0.003441 -0.017551 -0.011997 0.999926 0.002137 -0.000563 0.003466 -0.002095 0.999992 -0.798740
0.999985 0.000777 -0.005376 -0.004886 -0.000778 1.000000 -0.000226 0.006899 0.005376 0.000231 0.999986 -0.825708
0.999995 -0.001457 -0.002741 -0.162620 0.001460 0.999998 0.001073 0.035535 0.002740 -0.001077 0.999996 -1.023725
0.999992 0.003900 -0.000370 -0.175467 -0.003897 0.999971 0.006535 0.017324 0.000396 -0.006533 0.999979 -1.081052
0.999999 -0.001374 0.000170 -0.162041 0.001373 0.999943 0.010601 0.020243 -0.000185 -0.010600 0.999944 -1.103811
0.999972 -0.007424 -0.000733 0.009558 0.007430 0.999940 0.008109 -0.002104 0.000672 -0.008114 0.999967 -0.892954
0.999983 -0.005621 0.001555 0.009950 0.005616 0.999980 0.002830 -0.006339 -0.001571 -0.002822 0.999995 -0.928980
0.999951 -0.009273 0.003374 0.017999 0.009295 0.999936 -0.006424 0.007832 -0.003315 0.006455 0.999974 -0.938333
0.999976 -0.004997 0.004799 0.015532 0.005036 0.999953 -0.008270 0.011598 -0.004758 0.008294 0.999954 -0.963557
0.999988 -0.001603 0.004677 0.006419 0.001648 0.999952 -0.009650 0.010385 -0.004662 0.009657 0.999942 -1.001348
0.999998 -0.001291 0.001710 0.006649 0.001308 0.999950 -0.009963 0.014385 -0.001697 0.009966 0.999949 -1.020435
0.999997 0.001953 0.001320 0.001012 -0.001943 0.999969 -0.007687 0.019859 -0.001335 0.007684 0.999970 -1.022643
0.999998 0.000955 0.001651 0.000981 -0.000954 0.999999 -0.000785 0.013930 -0.001652 0.000784 0.999998 -1.018806
0.999998 -0.001168 0.001803 0.003198 0.001163 0.999996 0.002639 0.012996 -0.001806 -0.002637 0.999995 -1.019928
0.999996 -0.000434 0.002879 0.006983 0.000420 0.999988 0.004871 0.012521 -0.002881 -0.004870 0.999984 -1.010653
0.999989 -0.000128 0.004608 0.006876 0.000104 0.999987 0.005132 0.011877 -0.004609 -0.005131 0.999976 -1.010532
0.999983 0.000032 0.005852 0.004855 -0.000059 0.999989 0.004612 0.009670 -0.005851 -0.004612 0.999972 -1.022355
0.999976 -0.001117 0.006815 0.007405 0.001104 0.999998 0.001855 0.008802 -0.006817 -0.001847 0.999975 -1.020185
0.999978 0.000084 0.006677 0.005003 -0.000068 0.999997 -0.002519 0.012757 -0.006677 0.002519 0.999975 -1.048879
0.999978 -0.001536 0.006500 0.006411 0.001569 0.999986 -0.005074 0.017856 -0.006492 0.005084 0.999966 -1.066439
0.999977 -0.002928 0.006172 0.008786 0.002948 0.999990 -0.003223 0.018049 -0.006162 0.003241 0.999976 -1.070553
0.999983 -0.003217 0.004760 0.008424 0.003229 0.999991 -0.002564 0.016712 -0.004752 0.002579 0.999985 -1.074495
0.999986 -0.004563 0.002553 0.013007 0.004567 0.999988 -0.001733 0.018194 -0.002545 0.001744 0.999995 -1.078146
0.999991 -0.003874 0.001595 0.009430 0.003877 0.999991 -0.001682 0.018317 -0.001589 0.001688 0.999997 -1.080451
0.999998 -0.001413 0.001643 0.007275 0.001413 0.999999 0.000299 0.018219 -0.001644 -0.000297 0.999999 -1.088707
0.999999 -0.000304 0.001448 0.004872 0.000303 1.000000 0.000729 0.016703 -0.001449 -0.000728 0.999999 -1.077395
0.999999 -0.001134 0.001184 0.005919 0.001134 0.999999 0.000579 0.016745 -0.001185 -0.000577 0.999999 -1.087192
0.999997 -0.002068 0.000967 0.008269 0.002067 0.999998 0.000602 0.017771 -0.000968 -0.000600 0.999999 -1.090965
0.999990 -0.004470 0.000536 0.015110 0.004469 0.999988 0.002039 0.015549 -0.000546 -0.002036 0.999998 -1.103461
0.999987 -0.005172 0.000061 0.013772 0.005172 0.999977 0.004393 0.014469 -0.000084 -0.004393 0.999990 -1.090012
0.999999 -0.001261 -0.000822 0.008615 0.001262 0.999999 0.000534 0.011764 0.000821 -0.000535 1.000000 -1.102621
0.999999 -0.000574 -0.001607 0.007191 0.000567 0.999991 -0.004284 0.017497 0.001609 0.004283 0.999990 -1.114240
0.999998 0.000132 -0.001780 0.007321 -0.000138 0.999995 -0.003193 0.019719 0.001780 0.003193 0.999993 -1.124273
0.999997 0.002221 -0.001268 0.001877 -0.002221 0.999997 0.000568 0.014294 0.001269 -0.000565 0.999999 -1.110318
0.999997 0.000593 -0.002389 0.003936 -0.000592 0.999999 0.000824 0.016279 0.002390 -0.000823 0.999997 -1.113404
0.999983 -0.003983 -0.004173 0.011547 0.003979 0.999992 -0.000947 0.018487 0.004177 0.000931 0.999991 -1.125568
0.999973 -0.004472 -0.005807 0.015320 0.004464 0.999989 -0.001398 0.020690 0.005813 0.001372 0.999982 -1.137212
0.999977 -0.003231 -0.005900 0.011474 0.003231 0.999995 0.000067 0.018668 0.005900 -0.000086 0.999983 -1.124105
0.999983 -0.000982 -0.005762 0.010268 0.000986 0.999999 0.000672 0.017004 0.005761 -0.000678 0.999983 -1.130322
0.999984 0.000944 -0.005633 0.006951 -0.000939 0.999999 0.000739 0.016803 0.005633 -0.000734 0.999984 -1.137610
0.999985 0.002247 -0.004960 0.000224 -0.002246 0.999997 0.000389 0.016326 0.004961 -0.000378 0.999988 -1.137725
0.999986 0.001448 -0.005091 0.001620 -0.001451 0.999999 -0.000673 0.017000 0.005090 0.000680 0.999987 -1.141542
0.999984 0.001431 -0.005407 0.002339 -0.001440 0.999998 -0.001628 0.019413 0.005405 0.001635 0.999984 -1.142915
0.999986 -0.000312 -0.005321 0.005605 0.000305 0.999999 -0.001336 0.018222 0.005321 0.001334 0.999985 -1.156572
0.999987 0.000922 -0.005084 0.003447 -0.000917 0.999999 0.000802 0.018789 0.005084 -0.000797 0.999987 -1.146520
0.999989 0.000298 -0.004635 0.003142 -0.000277 0.999990 0.004540 0.013267 0.004636 -0.004539 0.999979 -1.148989
0.999992 0.000605 -0.004065 0.002594 -0.000583 0.999986 0.005278 0.012912 0.004068 -0.005276 0.999978 -1.151677
0.999994 0.000331 -0.003568 0.004967 -0.000329 1.000000 0.000611 0.012494 0.003568 -0.000610 0.999993 -1.154954
0.999995 0.000946 -0.003135 0.005077 -0.000953 0.999997 -0.002433 0.020104 0.003132 0.002436 0.999992 -1.163638
0.999998 -0.000063 -0.002141 0.007912 0.000064 1.000000 0.000429 0.015334 0.002141 -0.000429 0.999998 -1.168876
0.999998 -0.001704 -0.000984 0.009322 0.001704 0.999999 0.000298 0.012845 0.000983 -0.000300 0.999999 -1.170810
0.999999 -0.001033 -0.000793 0.007370 0.001033 0.999999 -0.000872 0.017108 0.000794 0.000872 0.999999 -1.173733
0.999999 -0.000525 -0.000984 0.005820 0.000525 1.000000 0.000354 0.018615 0.000984 -0.000355 0.999999 -1.177710
1.000000 -0.000275 -0.000780 0.003814 0.000277 0.999998 0.002085 0.016604 0.000780 -0.002086 0.999998 -1.181474
0.999998 0.001790 -0.000440 0.003253 -0.001790 0.999998 0.001313 0.015362 0.000442 -0.001312 0.999999 -1.179655
0.999994 0.003361 -0.000141 0.001361 -0.003361 0.999994 0.000129 0.017520 0.000141 -0.000129 1.000000 -1.186508
0.999997 0.002283 -0.000023 0.001662 -0.002283 0.999997 -0.000658 0.017612 0.000021 0.000658 1.000000 -1.186871
1.000000 0.000295 -0.000018 0.005511 -0.000295 0.999996 -0.002727 0.019641 0.000017 0.002727 0.999996 -1.184895
0.999997 -0.002318 -0.000339 0.008349 0.002317 0.999991 -0.003592 0.022482 0.000348 0.003591 0.999993 -1.189627
0.999997 -0.002184 -0.000671 0.009890 0.002185 0.999998 0.000057 0.020474 0.000671 -0.000058 1.000000 -1.177240
0.999999 -0.001162 -0.000419 0.009141 0.001163 0.999997 0.002129 0.016561 0.000416 -0.002129 0.999998 -1.172894
1.000000 0.000256 -0.000237 0.006243 -0.000255 0.999997 0.002403 0.017588 0.000237 -0.002403 0.999997 -1.177611
0.999998 0.002116 0.000190 0.001580 -0.002116 0.999997 0.000767 0.017936 -0.000188 -0.000767 1.000000 -1.174244
0.999999 0.001204 0.000171 -0.000674 -0.001204 0.999998 -0.001358 0.018299 -0.000172 0.001358 0.999999 -1.177943
1.000000 0.000697 -0.000076 -0.000261 -0.000698 0.999996 -0.002576 0.018676 0.000074 0.002576 0.999997 -1.181230
1.000000 -0.000533 -0.000394 0.004744 0.000532 0.999997 -0.002323 0.023369 0.000395 0.002323 0.999997 -1.176570
0.999999 -0.001342 -0.000096 0.006138 0.001342 0.999999 -0.000266 0.023411 0.000097 0.000265 1.000000 -1.164439
1.000000 0.000638 -0.000097 0.003063 -0.000638 0.999997 0.002206 0.017965 0.000098 -0.002206 0.999998 -1.170945
0.999999 0.001658 -0.000005 0.002623 -0.001658 0.999998 0.001409 0.017927 0.000007 -0.001409 0.999999 -1.167505
0.999999 0.001668 0.000069 0.003716 -0.001668 0.999998 -0.000991 0.020870 -0.000071 0.000991 1.000000 -1.162567
0.999997 0.002524 0.000143 -0.000151 -0.002524 0.999993 -0.002857 0.022032 -0.000150 0.002857 0.999996 -1.171233
0.999999 0.001376 0.000269 -0.001648 -0.001376 0.999996 -0.002447 0.021953 -0.000273 0.002446 0.999997 -1.168015
1.000000 -0.000384 -0.000350 0.008508 0.000383 0.999998 -0.001732 0.021834 0.000350 0.001732 0.999998 -1.169471
0.999997 -0.002246 -0.000393 0.011532 0.002245 0.999996 -0.001918 0.023221 0.000398 0.001917 0.999998 -1.159496
0.999998 -0.001834 -0.000383 0.012894 0.001835 0.999998 0.000714 0.023858 0.000381 -0.000715 1.000000 -1.155066
0.999998 -0.002217 -0.000261 0.013632 0.002218 0.999989 0.004024 0.017695 0.000252 -0.004025 0.999992 -1.156101
1.000000 -0.000902 -0.000107 0.006561 0.000902 0.999998 0.001796 0.017186 0.000105 -0.001796 0.999998 -1.164108
1.000000 0.000215 0.000019 0.006827 -0.000215 0.999999 0.001704 0.017355 -0.000019 -0.001704 0.999999 -1.157906
0.999999 0.001489 0.000075 0.002162 -0.001489 0.999999 -0.000320 0.015931 -0.000075 0.000320 1.000000 -1.157597
1.000000 0.000029 0.000143 0.005149 -0.000029 0.999998 -0.002104 0.018730 -0.000143 0.002104 0.999998 -1.153556
0.999999 0.001367 0.000145 0.000940 -0.001367 0.999997 -0.002022 0.019746 -0.000148 0.002022 0.999998 -1.160837
0.999993 -0.003608 0.000600 0.007526 0.003607 0.999993 0.001009 0.016362 -0.000604 -0.001007 0.999999 -1.158912
0.999992 -0.003926 0.000277 0.011353 0.003927 0.999992 -0.001166 0.017574 -0.000272 0.001168 0.999999 -1.166072
0.999995 -0.003195 -0.000085 0.015183 0.003195 0.999995 0.000756 0.018455 0.000083 -0.000756 1.000000 -1.159196
1.000000 -0.000706 0.000259 0.010811 0.000705 0.999993 0.003805 0.015934 -0.000262 -0.003805 0.999993 -1.173174
1.000000 0.000017 0.000803 0.009602 -0.000021 0.999992 0.004000 0.010279 -0.000803 -0.004000 0.999992 -1.177515
0.999993 0.003693 0.001006 0.001954 -0.003694 0.999993 0.001037 0.013529 -0.001002 -0.001041 0.999999 -1.188066
0.999988 0.004759 0.000911 -0.002339 -0.004759 0.999988 0.000852 0.012810 -0.000907 -0.000856 0.999999 -1.208471
0.999999 0.000912 0.000698 0.003748 -0.000911 0.999998 -0.001678 0.011690 -0.000699 0.001677 0.999998 -1.214682
0.999999 0.000958 0.001050 0.003731 -0.000954 0.999992 -0.004003 0.020096 -0.001054 0.004002 0.999991 -1.224688
0.999998 0.001710 0.000722 0.006379 -0.001710 0.999999 -0.000069 0.017876 -0.000722 0.000068 1.000000 -1.229791
1.000000 -0.000018 0.000662 0.009759 0.000015 0.999990 0.004362 0.012762 -0.000663 -0.004362 0.999990 -1.234043
1.000000 -0.000202 0.000975 0.010048 0.000198 0.999993 0.003681 0.011772 -0.000976 -0.003681 0.999993 -1.244361
0.999999 0.000835 0.000731 0.012361 -0.000836 0.999999 0.001420 0.014103 -0.000730 -0.001420 0.999999 -1.247551
0.999998 -0.001908 0.000428 0.010244 0.001908 0.999997 -0.001264 0.015401 -0.000426 0.001265 0.999999 -1.253743
0.999989 -0.004668 0.000273 0.014848 0.004669 0.999978 -0.004706 0.018870 -0.000251 0.004707 0.999989 -1.263597
0.999985 -0.005443 -0.000226 0.023821 0.005442 0.999980 -0.003253 0.021486 0.000244 0.003252 0.999995 -1.266150
0.999974 -0.007207 -0.000500 0.026100 0.007207 0.999974 0.000064 0.018780 0.000500 -0.000068 1.000000 -1.264376
0.999995 -0.003093 -0.000276 0.017347 0.003094 0.999993 0.001957 0.018708 0.000270 -0.001958 0.999998 -1.259281
0.999998 -0.002100 0.000484 0.012336 0.002099 0.999997 0.001235 0.018822 -0.000486 -0.001234 0.999999 -1.263242
1.000000 0.000050 0.000772 0.007993 -0.000050 1.000000 0.000534 0.022633 -0.000772 -0.000534 1.000000 -1.257642
0.999997 0.002464 0.000808 0.001840 -0.002464 0.999996 0.000999 0.020653 -0.000805 -0.001001 0.999999 -1.257069
1.000000 -0.000033 0.000548 0.005849 0.000033 1.000000 -0.000603 0.020478 -0.000548 0.000603 1.000000 -1.254999
1.000000 0.000244 0.000771 0.007455 -0.000240 0.999987 -0.005060 0.023528 -0.000772 0.005060 0.999987 -1.259063
0.999999 0.001249 0.000779 0.007047 -0.001246 0.999991 -0.004082 0.026760 -0.000784 0.004081 0.999991 -1.262511
1.000000 -0.000393 0.000111 0.008688 0.000393 0.999999 0.001359 0.019775 -0.000111 -0.001359 0.999999 -1.256996
1.000000 0.000303 -0.000616 0.009289 -0.000303 0.999999 0.001371 0.019065 0.000617 -0.001371 0.999999 -1.252891
0.999999 0.001038 -0.001079 0.010162 -0.001037 0.999999 0.000637 0.021859 0.001079 -0.000636 0.999999 -1.253934
1.000000 -0.000191 -0.000939 0.009799 0.000192 1.000000 0.000667 0.020839 0.000939 -0.000667 0.999999 -1.249837
1.000000 0.000025 -0.000792 0.010010 -0.000027 0.999998 -0.002065 0.021906 0.000792 0.002065 0.999998 -1.255425
0.999999 -0.000833 -0.000898 0.006716 0.000829 0.999993 -0.003699 0.025181 0.000901 0.003698 0.999993 -1.255656
0.999998 -0.001441 -0.001302 0.008272 0.001440 0.999998 -0.000965 0.022036 0.001303 0.000963 0.999999 -1.258676
0.999997 -0.002212 -0.000894 0.011087 0.002214 0.999994 0.002793 0.017094 0.000888 -0.002795 0.999996 -1.254119
0.999999 0.001391 0.000019 0.003213 -0.001391 0.999994 0.003171 0.017210 -0.000015 -0.003171 0.999995 -1.241874
0.999996 0.002893 0.000074 0.008328 -0.002894 0.999994 0.001657 0.019461 -0.000069 -0.001657 0.999999 -1.257951
0.999999 0.001267 0.000308 0.004282 -0.001267 0.999999 0.000593 0.019047 -0.000307 -0.000593 1.000000 -1.233715
0.999997 0.002552 0.000265 0.005400 -0.002552 0.999997 -0.000267 0.021067 -0.000265 0.000267 1.000000 -1.231732
0.999998 0.002054 0.000454 0.002331 -0.002054 0.999997 0.001500 0.021396 -0.000451 -0.001501 0.999999 -1.231951
1.000000 0.000826 0.000256 0.002373 -0.000826 1.000000 -0.000123 0.018895 -0.000256 0.000123 1.000000 -1.229748
0.999997 0.002468 0.000488 0.001762 -0.002467 0.999994 -0.002586 0.021254 -0.000495 0.002585 0.999997 -1.231031
0.999997 0.002471 0.000497 0.002553 -0.002470 0.999996 -0.001318 0.020963 -0.000500 0.001317 0.999999 -1.232022
0.999997 0.002296 0.000446 0.002269 -0.002297 0.999996 0.001593 0.018601 -0.000443 -0.001594 0.999999 -1.216556
0.999999 -0.001113 0.000834 0.004780 0.001114 0.999999 -0.000231 0.019028 -0.000833 0.000232 1.000000 -1.219731
1.000000 -0.000667 0.000026 0.006800 0.000667 0.999989 -0.004725 0.023686 -0.000023 0.004726 0.999989 -1.228546
0.999987 -0.005000 -0.000206 0.005883 0.004999 0.999966 -0.006612 0.025358 0.000239 0.006611 0.999978 -1.236576
0.999989 -0.004481 -0.001526 0.015958 0.004482 0.999990 0.000048 0.021401 0.001526 -0.000055 0.999999 -1.211271
0.999993 -0.003635 -0.001196 0.010995 0.003639 0.999986 0.003792 0.017549 0.001182 -0.003797 0.999992 -1.227707
0.999934 -0.003478 0.010972 -0.244941 0.003390 0.999961 0.008115 -0.054700 -0.010999 -0.008078 0.999907 -1.053335
0.999912 -0.003990 0.012661 -0.260206 0.003937 0.999983 0.004239 -0.053720 -0.012677 -0.004188 0.999911 -1.036598
0.999985 0.005407 -0.000901 0.005655 -0.005404 0.999980 0.003137 0.022228 0.000918 -0.003132 0.999995 -1.220162
0.999995 0.003282 -0.000020 0.009883 -0.003282 0.999985 0.004444 0.014983 0.000035 -0.004444 0.999990 -1.214665
0.999980 0.006322 0.000492 0.003084 -0.006323 0.999974 0.003326 0.017808 -0.000471 -0.003329 0.999994 -1.222560
0.999997 0.002303 0.001050 0.005671 -0.002299 0.999993 -0.002999 0.018237 -0.001057 0.002996 0.999995 -1.223461
1.000000 -0.000440 -0.000608 0.007412 0.000436 0.999979 -0.006415 0.026620 0.000611 0.006415 0.999979 -1.233869
0.999998 -0.001551 -0.001560 0.009551 0.001546 0.999994 -0.003208 0.023415 0.001565 0.003205 0.999994 -1.228954
0.999998 -0.000860 -0.001848 0.010762 0.000866 0.999994 0.003384 0.017200 0.001845 -0.003386 0.999993 -1.212287
0.999997 -0.002189 -0.000780 0.010715 0.002189 0.999998 -0.000050 0.017013 0.000780 0.000048 1.000000 -1.222309
0.999998 0.002095 -0.000730 0.007034 -0.002095 0.999997 -0.001129 0.024828 0.000728 0.001130 0.999999 -1.219629
1.000000 0.000052 -0.000563 0.005049 -0.000051 0.999998 0.001997 0.019090 0.000563 -0.001997 0.999998 -1.203047
0.999999 -0.000092 -0.001556 0.008029 0.000095 0.999999 0.001426 0.019928 0.001556 -0.001426 0.999998 -1.185147
0.999998 -0.001338 -0.001787 0.011217 0.001335 0.999997 -0.001866 0.025307 0.001790 0.001864 0.999997 -1.154416
0.999999 0.000316 -0.001224 0.008503 -0.000319 0.999998 -0.002019 0.031954 0.001223 0.002020 0.999997 -1.128201
1.000000 -0.000774 -0.000399 0.007573 0.000774 0.999999 -0.001478 0.029371 0.000400 0.001478 0.999999 -1.097266
1.000000 -0.000262 -0.000131 0.007042 0.000262 0.999999 -0.001226 0.027624 0.000132 0.001226 0.999999 -1.073587
1.000000 0.000842 0.000298 0.004702 -0.000841 0.999999 -0.000973 0.028403 -0.000299 0.000973 0.999999 -1.049924
1.000000 -0.000011 -0.000380 0.009524 0.000012 1.000000 0.000818 0.026076 0.000380 -0.000818 1.000000 -1.018198
0.999999 -0.000838 -0.001441 0.008566 0.000838 1.000000 0.000061 0.023866 0.001441 -0.000062 0.999999 -0.986817
0.999999 -0.000642 -0.001239 0.005297 0.000640 0.999999 -0.000827 0.023404 0.001239 0.000826 0.999999 -0.955398
0.999998 0.001524 0.001001 0.000199 -0.001526 0.999998 0.001612 0.022835 -0.000999 -0.001613 0.999998 -0.936331
0.999991 0.002109 0.003676 -0.003575 -0.002120 0.999993 0.002990 0.020301 -0.003670 -0.002998 0.999989 -0.935459
0.999987 -0.000000 0.005188 0.003942 -0.000018 0.999994 0.003568 0.017294 -0.005188 -0.003568 0.999980 -0.924573
0.999985 -0.001845 0.005196 0.004294 0.001829 0.999994 0.003049 0.015008 -0.005201 -0.003040 0.999982 -0.925467
0.999990 -0.002115 0.004014 0.009045 0.002112 0.999997 0.000750 0.015241 -0.004015 -0.000742 0.999992 -0.923649
0.999994 -0.001840 0.003071 0.006624 0.001842 0.999998 -0.000705 0.017061 -0.003069 0.000711 0.999995 -0.921782
0.999997 0.000995 0.002342 0.001141 -0.000991 0.999998 -0.001844 0.020273 -0.002344 0.001841 0.999996 -0.917092
0.999994 0.002807 0.002191 -0.003694 -0.002804 0.999995 -0.001562 0.019589 -0.002195 0.001556 0.999996 -0.916829
0.999997 0.001319 0.001833 0.000744 -0.001318 0.999999 -0.000653 0.022963 -0.001833 0.000650 0.999998 -0.914601
0.999999 -0.000392 0.001310 0.002997 0.000390 0.999999 0.001092 0.017453 -0.001310 -0.001092 0.999999 -0.910769
0.999998 -0.001704 0.000914 0.005597 0.001703 0.999998 0.001167 0.014470 -0.000916 -0.001166 0.999999 -0.906467
0.999994 -0.003539 -0.000057 0.009309 0.003539 0.999994 0.000654 0.014075 0.000055 -0.000654 1.000000 -0.907189
0.999997 -0.002487 -0.000697 0.008071 0.002488 0.999995 0.001683 0.014673 0.000693 -0.001684 0.999998 -0.909804
1.000000 -0.000079 -0.000804 0.007201 0.000081 0.999996 0.002705 0.012738 0.000804 -0.002705 0.999996 -0.913203
1.000000 0.000336 -0.000399 0.005462 -0.000335 0.999997 0.002611 0.010970 0.000400 -0.002610 0.999997 -0.911868
1.000000 0.000071 -0.000612 0.007617 -0.000070 1.000000 0.000375 0.012132 0.000612 -0.000374 1.000000 -0.921821
0.999996 0.002744 -0.000299 0.004257 -0.002745 0.999993 -0.002641 0.014235 0.000291 0.002642 0.999996 -0.937757
1.000000 0.000608 0.000034 0.005633 -0.000608 0.999999 -0.001360 0.017554 -0.000035 0.001360 0.999999 -0.935978
0.999987 0.005060 -0.000640 0.001031 -0.005058 0.999980 0.003767 0.013719 0.000659 -0.003763 0.999993 -0.937112
0.999999 0.001573 0.000102 0.002045 -0.001573 0.999993 0.003366 0.006217 -0.000096 -0.003366 0.999994 -0.942396
0.999990 -0.004398 -0.000758 0.012390 0.004398 0.999990 -0.000435 0.007030 0.000760 0.000431 1.000000 -0.940087
0.999998 -0.001267 -0.001528 0.008417 0.001261 0.999991 -0.004098 0.016206 0.001533 0.004096 0.999990 -0.956369
0.999995 0.002492 -0.001822 0.003852 -0.002491 0.999997 0.000702 0.010886 0.001824 -0.000697 0.999998 -0.963363
0.999997 0.001464 -0.001986 0.002331 -0.001466 0.999998 -0.001127 0.006546 0.001984 0.001129 0.999997 -0.966696
0.999998 -0.000690 -0.001736 0.005664 0.000681 0.999988 -0.004794 0.013791 0.001740 0.004793 0.999987 -0.978799
0.999994 0.003160 -0.001383 -0.001494 -0.003166 0.999987 -0.003955 0.014904 0.001370 0.003959 0.999991 -0.991107
0.999999 0.000446 -0.001193 0.002023 -0.000447 1.000000 -0.000556 0.014306 0.001193 0.000556 0.999999 -0.994425
0.999992 -0.003192 -0.002314 0.007590 0.003191 0.999995 -0.000677 0.011050 0.002316 0.000669 0.999997 -0.999830
0.999992 -0.002590 -0.003011 0.009745 0.002585 0.999995 -0.001681 0.013452 0.003016 0.001673 0.999994 -1.013812
0.999994 -0.000858 -0.003476 0.006658 0.000857 1.000000 -0.000200 0.014799 0.003476 0.000197 0.999994 -1.019498
0.999991 -0.002731 -0.003121 0.009211 0.002738 0.999993 0.002483 0.013368 0.003114 -0.002491 0.999992 -1.019799
0.999996 0.000422 -0.002707 0.005473 -0.000413 0.999995 0.003237 0.010853 0.002709 -0.003236 0.999991 -1.028409
0.999998 0.001135 -0.001557 0.002430 -0.001133 0.999999 0.000934 0.011753 0.001558 -0.000932 0.999998 -1.029682
0.999999 -0.000378 -0.001485 0.005308 0.000375 0.999998 -0.002204 0.014899 0.001486 0.002203 0.999996 -1.046820
0.999998 -0.001534 -0.001309 0.007030 0.001529 0.999993 -0.003284 0.017342 0.001314 0.003282 0.999994 -1.059368
0.999999 0.000308 -0.001274 0.006712 -0.000308 1.000000 0.000291 0.017797 0.001274 -0.000290 0.999999 -1.058957
0.999999 0.001352 -0.000712 0.005439 -0.001350 0.999995 0.002730 0.013422 0.000715 -0.002729 0.999996 -1.062636
0.999996 0.002875 0.000177 0.000572 -0.002875 0.999991 0.003033 0.011041 -0.000168 -0.003033 0.999995 -1.066749
0.999998 0.001799 0.000266 0.002789 -0.001800 0.999998 0.001063 0.012887 -0.000264 -0.001064 0.999999 -1.084020
1.000000 0.000036 -0.000039 0.005926 -0.000036 1.000000 0.000871 0.015149 0.000039 -0.000871 1.000000 -1.087264
1.000000 0.000162 -0.000331 0.007408 -0.000162 1.000000 -0.000011 0.014416 0.000331 0.000011 1.000000 -1.098131
0.999998 -0.001945 0.000088 0.013044 0.001945 0.999998 -0.000827 0.014704 -0.000087 0.000827 1.000000 -1.105995
1.000000 -0.000562 0.000370 0.011693 0.000562 0.999997 -0.002381 0.018084 -0.000369 0.002382 0.999997 -1.113322
1.000000 -0.000231 0.000910 0.007652 0.000232 0.999999 -0.001564 0.014689 -0.000910 0.001564 0.999998 -1.120800
0.999999 -0.001020 0.000832 0.005976 0.001021 0.999998 -0.001737 0.014126 -0.000831 0.001738 0.999998 -1.138704
0.999997 -0.002299 0.000795 0.012201 0.002300 0.999997 -0.000990 0.016550 -0.000792 0.000992 0.999999 -1.137186
0.999997 -0.002071 0.001028 0.016081 0.002069 0.999997 0.001285 0.016362 -0.001031 -0.001283 0.999999 -1.145957
0.999998 0.001630 0.001272 0.007665 -0.001636 0.999988 0.004648 0.011415 -0.001265 -0.004650 0.999988 -1.156847
0.999994 0.003202 0.001484 0.008464 -0.003211 0.999976 0.006194 0.010651 -0.001464 -0.006198 0.999980 -1.160277
0.999986 0.004803 0.002222 0.003457 -0.004813 0.999978 0.004489 0.010747 -0.002200 -0.004500 0.999987 -1.164820
0.999977 0.006276 0.002508 0.001877 -0.006276 0.999980 -0.000138 0.014575 -0.002509 0.000123 0.999997 -1.188827
0.999987 0.004581 0.002387 0.001139 -0.004572 0.999982 -0.003950 0.018794 -0.002405 0.003939 0.999989 -1.181068
0.999996 0.002034 0.002165 0.005824 -0.002029 0.999995 -0.002495 0.018902 -0.002170 0.002491 0.999995 -1.191239
0.999996 0.001706 0.002185 0.005960 -0.001707 0.999998 0.000647 0.015148 -0.002184 -0.000651 0.999997 -1.200372
0.999998 -0.000209 0.002187 0.009968 0.000211 1.000000 -0.000739 0.015416 -0.002187 0.000740 0.999997 -1.205639
0.999997 0.000919 0.002062 0.008233 -0.000916 0.999998 -0.001473 0.017165 -0.002063 0.001471 0.999997 -1.213682
0.999997 0.000837 0.002339 0.006360 -0.000838 1.000000 0.000316 0.018098 -0.002339 -0.000318 0.999997 -1.217149
0.999997 0.000195 0.002359 0.006209 -0.000198 0.999999 0.001404 0.016510 -0.002358 -0.001405 0.999996 -1.221837
0.999997 0.000014 0.002289 0.008028 -0.000015 1.000000 0.000348 0.013555 -0.002289 -0.000348 0.999997 -1.228307
0.999997 -0.000418 0.002378 0.007016 0.000421 0.999999 -0.001027 0.017617 -0.002377 0.001028 0.999997 -1.237004
0.999997 -0.000251 0.002315 0.006935 0.000251 1.000000 -0.000306 0.018517 -0.002315 0.000306 0.999997 -1.244036
0.999996 -0.001200 0.002502 0.007626 0.001202 0.999999 -0.001074 0.017827 -0.002500 0.001077 0.999996 -1.250558
0.999996 -0.001726 0.002311 0.009749 0.001730 0.999997 -0.001796 0.020415 -0.002308 0.001800 0.999996 -1.256673
0.999998 -0.001481 0.001572 0.008032 0.001482 0.999999 -0.000887 0.020715 -0.001571 0.000889 0.999998 -1.257626
0.999997 -0.002360 0.000983 0.008930 0.002361 0.999997 -0.000363 0.020331 -0.000983 0.000365 0.999999 -1.258592
1.000000 -0.000276 0.000231 0.004351 0.000276 1.000000 -0.000091 0.021168 -0.000231 0.000091 1.000000 -1.264738
0.999999 0.001050 0.000142 0.006719 -0.001050 0.999999 0.001077 0.022268 -0.000141 -0.001077 0.999999 -1.252620
0.999996 0.002966 0.000157 0.001620 -0.002966 0.999995 0.001169 0.019546 -0.000153 -0.001170 0.999999 -1.255234
0.999999 0.001232 0.000222 0.010708 -0.001233 0.999999 0.000273 0.022163 -0.000222 -0.000274 1.000000 -1.261404
1.000000 0.000281 0.000108 0.009154 -0.000281 1.000000 -0.000501 0.023420 -0.000108 0.000501 1.000000 -1.255374
1.000000 0.000823 -0.000400 0.010443 -0.000823 1.000000 -0.000019 0.023384 0.000400 0.000019 1.000000 -1.244271
1.000000 0.000519 -0.000238 0.008549 -0.000519 1.000000 -0.000793 0.023269 0.000238 0.000794 1.000000 -1.257632
0.999996 0.002744 0.000132 0.004866 -0.002744 0.999996 -0.000929 0.024503 -0.000134 0.000929 1.000000 -1.254292
0.999990 0.004440 0.000478 0.000857 -0.004439 0.999987 -0.002382 0.024027 -0.000488 0.002380 0.999997 -1.253805
0.999994 0.003316 0.000130 0.003627 -0.003316 0.999989 -0.003402 0.026106 -0.000141 0.003402 0.999994 -1.237694
0.999997 0.002304 0.000046 0.004646 -0.002304 0.999994 -0.002423 0.026326 -0.000052 0.002423 0.999997 -1.249461
1.000000 -0.000287 0.000052 0.006032 0.000287 0.999999 0.001551 0.022429 -0.000053 -0.001551 0.999999 -1.239577
0.999998 -0.002107 -0.000047 0.007268 0.002107 0.999997 0.001444 0.019346 0.000044 -0.001444 0.999999 -1.231442
0.999984 -0.005693 0.000117 0.017787 0.005693 0.999979 -0.003240 0.023602 -0.000098 0.003241 0.999995 -1.227418
0.999987 -0.005100 -0.000108 0.015563 0.005100 0.999968 -0.006242 0.029208 0.000139 0.006241 0.999981 -1.235727
0.999993 -0.003694 -0.000258 0.013366 0.003694 0.999993 0.000368 0.025119 0.000257 -0.000369 1.000000 -1.230066
1.000000 0.000773 -0.000127 0.010486 -0.000773 0.999976 0.006876 0.016969 0.000133 -0.006876 0.999976 -1.218984
0.999994 0.003218 0.000916 0.002568 -0.003223 0.999980 0.005503 0.016479 -0.000898 -0.005506 0.999984 -1.227645
0.999981 0.006086 0.000525 -0.003870 -0.006086 0.999981 0.001059 0.020533 -0.000518 -0.001063 0.999999 -1.229347
0.999993 0.003625 -0.000429 -0.004658 -0.003625 0.999992 -0.001408 0.021537 0.000424 0.001409 0.999999 -1.231182
0.999999 0.000960 -0.001096 -0.002558 -0.000962 0.999998 -0.001960 0.020794 0.001094 0.001961 0.999997 -1.238828
0.999999 -0.001089 -0.000869 0.009190 0.001086 0.999996 -0.002445 0.023008 0.000871 0.002444 0.999997 -1.239374
0.999999 -0.001010 -0.000987 0.011815 0.001009 0.999999 -0.001394 0.021982 0.000989 0.001393 0.999999 -1.224516
0.999999 -0.000924 -0.000931 0.012466 0.000923 0.999999 -0.001035 0.022390 0.000932 0.001034 0.999999 -1.223388
1.000000 0.000544 -0.000696 0.008662 -0.000544 1.000000 0.000749 0.022561 0.000696 -0.000748 0.999999 -1.219588
1.000000 -0.000408 -0.000203 0.009877 0.000409 0.999999 0.001636 0.020055 0.000202 -0.001636 0.999999 -1.223401
1.000000 0.000262 -0.000253 0.008484 -0.000261 0.999999 0.001134 0.020801 0.000253 -0.001133 0.999999 -1.217775
1.000000 -0.000278 -0.000111 0.009957 0.000278 1.000000 0.000184 0.021898 0.000111 -0.000184 1.000000 -1.226925
1.000000 -0.000521 -0.000340 0.009735 0.000521 1.000000 0.000122 0.021742 0.000340 -0.000122 1.000000 -1.220788
1.000000 -0.000531 -0.000219 0.009809 0.000531 1.000000 -0.000257 0.021506 0.000219 0.000257 1.000000 -1.219095
1.000000 0.000633 -0.000157 0.008932 -0.000634 1.000000 -0.000232 0.021870 0.000157 0.000233 1.000000 -1.225950
1.000000 0.000235 -0.000004 0.009102 -0.000235 0.999999 0.001679 0.019860 0.000005 -0.001679 0.999999 -1.216750
1.000000 0.000313 0.000172 0.008368 -0.000313 0.999997 0.002549 0.018087 -0.000171 -0.002549 0.999997 -1.221834
0.999999 -0.000965 0.000348 0.009759 0.000964 0.999996 0.002816 0.017083 -0.000351 -0.002816 0.999996 -1.220639
0.999999 -0.001559 0.000190 0.010201 0.001559 0.999998 0.001315 0.017305 -0.000192 -0.001315 0.999999 -1.227189
0.999995 -0.002999 0.000291 0.012102 0.002999 0.999995 -0.000137 0.018843 -0.000291 0.000138 1.000000 -1.226224
0.999995 -0.003042 0.000290 0.009751 0.003042 0.999995 -0.001252 0.020085 -0.000287 0.001252 0.999999 -1.234669
0.999994 -0.003576 0.000366 0.011780 0.003576 0.999993 -0.001103 0.021074 -0.000362 0.001104 0.999999 -1.238262
0.999999 -0.001362 0.000484 0.006254 0.001362 0.999999 -0.000014 0.020204 -0.000484 0.000014 1.000000 -1.244319
1.000000 0.000208 0.000498 0.007888 -0.000209 0.999998 0.002105 0.018521 -0.000497 -0.002105 0.999998 -1.243548
0.999997 0.002376 0.000757 0.005770 -0.002378 0.999995 0.002303 0.017784 -0.000752 -0.002305 0.999997 -1.243514
0.999995 0.002795 0.001271 0.000229 -0.002796 0.999996 0.000529 0.015854 -0.001270 -0.000533 0.999999 -1.256440
0.999997 0.002220 0.001025 0.002670 -0.002218 0.999996 -0.001942 0.021587 -0.001029 0.001940 0.999998 -1.246889
0.999999 0.001472 0.000805 0.004037 -0.001471 0.999998 -0.001108 0.022355 -0.000807 0.001107 0.999999 -1.243861
0.999999 -0.001002 0.000414 0.014595 0.001002 0.999999 0.000461 0.022370 -0.000414 -0.000461 1.000000 -1.247166
0.999999 -0.001230 0.000028 0.009778 0.001230 0.999998 0.001501 0.017718 -0.000030 -0.001501 0.999999 -1.253188
1.000000 0.000160 -0.000453 0.007550 -0.000160 1.000000 0.000323 0.018995 0.000453 -0.000323 1.000000 -1.246391
0.999998 0.002017 -0.000718 0.005251 -0.002016 0.999998 0.000504 0.019434 0.000719 -0.000503 1.000000 -1.254472
0.999996 0.002824 -0.000403 0.004939 -0.002824 0.999996 -0.000858 0.021202 0.000401 0.000859 1.000000 -1.246905
0.999994 0.003468 -0.000097 0.001023 -0.003468 0.999994 -0.000810 0.022022 0.000094 0.000810 1.000000 -1.246257
0.999998 0.002007 -0.000290 0.003800 -0.002007 0.999998 -0.000613 0.020996 0.000289 0.000614 1.000000 -1.247104
0.999999 0.001117 -0.000396 0.004881 -0.001117 0.999999 0.000188 0.020911 0.000396 -0.000187 1.000000 -1.243681
1.000000 -0.000033 -0.000334 0.005259 0.000033 1.000000 0.000682 0.018703 0.000334 -0.000682 1.000000 -1.250441
0.999999 -0.001255 -0.000937 0.009209 0.001254 0.999999 -0.001053 0.020002 0.000939 0.001052 0.999999 -1.251479
0.999997 -0.001891 -0.001376 0.009738 0.001888 0.999996 -0.002073 0.023590 0.001380 0.002070 0.999997 -1.253759
0.999998 -0.001660 -0.001440 0.005680 0.001659 0.999998 -0.000710 0.021226 0.001442 0.000708 0.999999 -1.255191
0.999994 -0.002919 -0.001614 0.009643 0.002918 0.999995 -0.000824 0.019168 0.001616 0.000820 0.999998 -1.256031
