1.000000 0.000000 0.000000 0.000000 0.000000 1.000000 0.000000 0.000000 0.000000 0.000000 1.000000 0.000000
0.999934 0.002740 -0.011115 -0.014175 -0.002753 0.999996 -0.001171 0.006716 0.011112 0.001202 0.999938 -0.288256
0.999978 0.002167 -0.006321 -0.010602 -0.002167 0.999998 -0.000055 0.005060 0.006321 0.000069 0.999980 -0.290450
0.999995 0.002815 -0.001452 -0.009446 -0.002813 0.999995 0.001228 0.004200 0.001455 -0.001224 0.999998 -0.292835
0.999995 0.001613 0.002805 -0.007844 -0.001618 0.999998 0.001459 0.003555 -0.002803 -0.001464 0.999995 -0.292885
0.999968 0.002732 0.007569 -0.008398 -0.002742 0.999995 0.001275 0.003430 -0.007566 -0.001296 0.999971 -0.301927
0.999912 0.001913 0.013132 -0.003611 -0.001937 0.999996 0.001808 0.002658 -0.013128 -0.001834 0.999912 -0.312745
0.999848 -0.000558 0.017413 0.002269 0.000558 1.000000 0.000020 0.004746 -0.017413 -0.000011 0.999848 -0.322862
0.999789 -0.004338 0.020054 0.011809 0.004341 0.999991 -0.000116 0.002865 -0.020054 0.000203 0.999799 -0.338047
0.999784 -0.003367 0.020527 0.011055 0.003341 0.999994 0.001268 0.001810 -0.020531 -0.001199 0.999788 -0.347039
0.999780 -0.000080 0.020964 0.006118 0.000069 1.000000 0.000505 -0.000278 -0.020964 -0.000504 0.999780 -0.364092
0.999761 0.001701 0.021797 0.004149 -0.001691 0.999998 -0.000469 -0.001095 -0.021798 0.000432 0.999762 -0.376670
0.999792 0.001643 0.020339 0.007319 -0.001628 0.999998 -0.000770 0.001134 -0.020340 0.000737 0.999793 -0.386549
0.999833 -0.000964 0.018228 0.014810 0.000975 0.999999 -0.000551 0.002231 -0.018227 0.000569 0.999834 -0.398317
0.999871 -0.001065 0.016021 0.014087 0.001075 0.999999 -0.000631 0.002650 -0.016021 0.000648 0.999871 -0.416082
0.999906 -0.000794 0.013658 0.018367 0.000790 1.000000 0.000310 0.002062 -0.013658 -0.000299 0.999907 -0.424454
0.999925 0.001192 0.012206 0.013277 -0.001204 0.999999 0.000946 0.003544 -0.012204 -0.000961 0.999925 -0.433306
0.999943 0.003458 0.010099 0.002259 -0.003481 0.999991 0.002280 0.003364 -0.010091 -0.002315 0.999946 -0.449840
0.999967 -0.001111 0.007994 0.008601 0.001096 0.999998 0.001928 0.001003 -0.007996 -0.001919 0.999966 -0.466109
0.999970 -0.000412 0.007795 0.007145 0.000399 0.999999 0.001632 0.000955 -0.007795 -0.001629 0.999968 -0.479983
0.999966 0.000093 0.008243 0.008894 -0.000115 0.999996 0.002736 0.003448 -0.008243 -0.002737 0.999962 -0.493711
0.999960 0.003792 0.008112 0.000378 -0.003805 0.999992 0.001579 0.004037 -0.008106 -0.001610 0.999966 -0.503460
0.999948 0.006333 0.008055 -0.004419 -0.006342 0.999979 0.001138 0.005103 -0.008047 -0.001189 0.999967 -0.517778
0.999960 -0.000251 0.008907 0.008756 0.000230 0.999997 0.002412 0.004531 -0.008908 -0.002410 0.999957 -0.533143
0.999946 -0.005344 0.008909 0.019405 0.005307 0.999977 0.004214 0.000810 -0.008931 -0.004166 0.999951 -0.547136
0.999950 -0.003577 0.009294 0.011319 0.003551 0.999990 0.002865 0.002711 -0.009304 -0.002831 0.999953 -0.562198
0.999959 0.002105 0.008788 0.005015 -0.002119 0.999996 0.001601 0.005827 -0.008784 -0.001620 0.999960 -0.576810
0.999958 0.002401 0.008872 0.003325 -0.002422 0.999994 0.002328 0.001456 -0.008867 -0.002350 0.999958 -0.589984
0.999965 -0.001072 0.008276 0.010914 0.001052 0.999996 0.002446 0.002679 -0.008278 -0.002438 0.999963 -0.600049
0.999962 -0.001639 0.008541 0.010011 0.001610 0.999993 0.003452 0.003832 -0.008547 -0.003438 0.999958 -0.617312
0.999967 -0.000267 0.008091 0.004759 0.000226 0.999987 0.005071 0.003171 -0.008092 -0.005069 0.999954 -0.622379
0.999981 -0.000810 0.006078 0.007617 0.000764 0.999971 0.007557 0.001839 -0.006084 -0.007552 0.999953 -0.636189
0.999989 -0.001567 0.004468 0.009757 0.001531 0.999967 0.007973 0.001037 -0.004480 -0.007966 0.999958 -0.657251
0.999986 -0.002825 0.004460 0.003763 0.002787 0.999959 0.008629 0.000608 -0.004484 -0.008617 0.999953 -0.657165
0.999983 -0.003610 0.004560 0.011353 0.003570 0.999955 0.008831 -0.000035 -0.004592 -0.008815 0.999951 -0.682347
0.999985 -0.003141 0.004378 0.008772 0.003111 0.999972 0.006827 0.003537 -0.004399 -0.006814 0.999967 -0.669711
0.999977 -0.004384 0.005147 0.014398 0.004350 0.999969 0.006623 0.002210 -0.005176 -0.006600 0.999965 -0.696485
0.999982 -0.003199 0.005060 0.017136 0.003169 0.999977 0.005931 -0.001515 -0.005079 -0.005915 0.999970 -0.723868
0.999978 -0.003937 0.005268 0.012661 0.003908 0.999977 0.005502 -0.001031 -0.005289 -0.005482 0.999971 -0.721970
0.999979 -0.003817 0.005301 0.014378 0.003800 0.999988 0.003222 -0.000918 -0.005313 -0.003201 0.999981 -0.736383
0.999985 -0.001712 0.005251 0.015126 0.001704 0.999997 0.001495 0.000566 -0.005253 -0.001486 0.999985 -0.754585
0.999979 -0.000003 0.006479 0.004076 0.000008 1.000000 -0.000833 0.005079 -0.006479 0.000833 0.999979 -0.752091
0.999978 -0.000031 0.006561 0.008335 0.000040 0.999999 -0.001350 0.005248 -0.006561 0.001350 0.999978 -0.771794
0.999973 0.000995 0.007249 0.008779 -0.000984 0.999998 -0.001575 0.001773 -0.007250 0.001568 0.999972 -0.786584
0.999961 0.000409 0.008841 0.008347 -0.000385 0.999996 -0.002799 0.003099 -0.008842 0.002795 0.999957 -0.796306
0.999962 -0.000007 0.008770 0.010278 0.000055 0.999985 -0.005479 0.007518 -0.008769 0.005480 0.999947 -0.799374
0.999955 -0.001730 0.009294 0.012770 0.001776 0.999986 -0.004892 0.007891 -0.009286 0.004908 0.999945 -0.818224
0.999954 -0.002505 0.009250 0.013796 0.002539 0.999990 -0.003738 0.008840 -0.009241 0.003762 0.999950 -0.825423
0.999954 -0.000527 0.009559 0.012512 0.000540 0.999999 -0.001367 0.006211 -0.009558 0.001372 0.999953 -0.829064
0.999951 0.000075 0.009849 0.009020 -0.000074 1.000000 -0.000135 0.003324 -0.009849 0.000134 0.999951 -0.840017
0.999956 0.000355 0.009369 0.007356 -0.000347 1.000000 -0.000894 0.003755 -0.009369 0.000891 0.999956 -0.848918
0.999956 -0.000413 0.009318 0.009124 0.000425 0.999999 -0.001310 0.002823 -0.009318 0.001314 0.999956 -0.863973
0.999959 0.001891 0.008890 0.004676 -0.001874 0.999996 -0.001897 0.003731 -0.008893 0.001880 0.999959 -0.870778
0.999960 0.001013 0.008906 0.003490 -0.000981 0.999993 -0.003671 0.004997 -0.008909 0.003662 0.999954 -0.882638
0.999964 0.000270 0.008508 0.004210 -0.000225 0.999986 -0.005287 0.005067 -0.008509 0.005285 0.999950 -0.901344
0.999961 0.001900 0.008607 0.004055 -0.001867 0.999991 -0.003815 0.007915 -0.008614 0.003799 0.999956 -0.916496
0.999965 0.002396 0.008050 0.012989 -0.002385 0.999996 -0.001431 0.000795 -0.008054 0.001412 0.999967 -0.936211
0.999974 0.001570 0.007069 0.011137 -0.001566 0.999999 -0.000590 -0.002799 -0.007070 0.000579 0.999975 -0.943737
0.999978 0.000303 0.006555 0.016049 -0.000293 0.999999 -0.001470 0.000342 -0.006555 0.001468 0.999977 -0.951409
0.999979 0.002094 0.006159 0.016908 -0.002089 0.999998 -0.000784 0.001213 -0.006160 0.000771 0.999981 -0.980051
0.999985 0.001552 0.005305 0.023561 -0.001554 0.999999 0.000387 -0.001285 -0.005304 -0.000395 0.999986 -1.008660
0.999983 0.003701 0.004403 0.036951 -0.003705 0.999993 0.000860 -0.023903 -0.004400 -0.000876 0.999990 -1.057798
0.999996 0.001033 0.002603 0.041315 -0.001035 0.999999 0.000785 -0.016412 -0.002602 -0.000788 0.999996 -1.059123
1.000000 -0.000018 0.000587 0.040138 0.000019 1.000000 -0.000586 -0.002369 -0.000587 0.000586 1.000000 -1.081464
1.000000 0.000334 0.000265 0.006136 -0.000334 0.999999 -0.001650 0.008028 -0.000266 0.001650 0.999999 -1.010773
0.999998 0.001837 0.000705 0.000674 -0.001837 0.999998 -0.000527 0.009246 -0.000706 0.000526 1.000000 -1.030610
0.999996 0.002221 0.001455 0.001728 -0.002222 0.999997 0.000875 0.003824 -0.001453 -0.000878 0.999999 -1.053679
0.999994 0.002490 0.002371 -0.000903 -0.002491 0.999997 0.000408 0.007448 -0.002370 -0.000414 0.999997 -1.064227
0.999993 0.001712 0.003294 -0.001612 -0.001706 0.999997 -0.001905 0.008143 -0.003297 0.001900 0.999993 -1.067620
0.999990 0.001431 0.004173 0.006442 -0.001415 0.999992 -0.003737 0.011329 -0.004178 0.003731 0.999984 -1.079137
0.999980 0.002815 0.005631 0.004793 -0.002793 0.999989 -0.003893 0.014899 -0.005642 0.003877 0.999977 -1.076198
0.999968 0.001515 0.007871 0.005139 -0.001500 0.999997 -0.001872 0.016316 -0.007874 0.001860 0.999967 -1.076064
0.999944 0.002800 0.010210 0.000493 -0.002825 0.999993 0.002444 0.013763 -0.010203 -0.002473 0.999945 -1.062429
0.999932 0.002112 0.011440 0.005068 -0.002152 0.999992 0.003464 0.009131 -0.011433 -0.003488 0.999929 -1.059329
0.999933 0.000820 0.011521 0.004939 -0.000815 1.000000 -0.000437 0.008131 -0.011521 0.000428 0.999934 -1.066747
0.999943 -0.000469 0.010684 0.005618 0.000523 0.999987 -0.005061 0.014813 -0.010681 0.005067 0.999930 -1.074664
0.999953 -0.002593 0.009320 0.009431 0.002633 0.999987 -0.004289 0.017544 -0.009309 0.004314 0.999947 -1.076933
0.999974 -0.000938 0.007120 0.011495 0.000926 0.999998 0.001721 0.011801 -0.007121 -0.001714 0.999973 -1.079155
0.999981 -0.000169 0.006083 0.005706 0.000143 0.999991 0.004273 0.011461 -0.006084 -0.004272 0.999972 -1.080719
0.999983 -0.002191 0.005394 0.007242 0.002153 0.999972 0.007163 0.006706 -0.005409 -0.007151 0.999960 -1.070455
0.999984 0.000551 0.005655 0.006848 -0.000560 0.999999 0.001560 0.008380 -0.005654 -0.001563 0.999983 -1.077279
0.999983 0.000969 0.005815 0.003141 -0.000947 0.999992 -0.003777 0.011993 -0.005818 0.003772 0.999976 -1.077199
0.999985 0.000609 0.005364 0.009011 -0.000582 0.999987 -0.005108 0.014907 -0.005367 0.005105 0.999973 -1.081895
0.999987 -0.000124 0.005141 0.007920 0.000139 0.999996 -0.002808 0.013174 -0.005141 0.002809 0.999983 -1.076246
0.999986 -0.000785 0.005198 0.010144 0.000782 0.999999 0.000645 0.011692 -0.005198 -0.000641 0.999986 -1.074611
0.999982 0.000171 0.005960 0.006266 -0.000182 0.999998 0.001805 0.012770 -0.005960 -0.001806 0.999981 -1.078920
0.999977 0.001326 0.006585 0.005065 -0.001345 0.999995 0.002800 0.009337 -0.006581 -0.002809 0.999974 -1.069163
0.999975 0.001152 0.006946 0.007091 -0.001156 0.999999 0.000502 0.009634 -0.006946 -0.000510 0.999976 -1.072046
0.999973 0.000813 0.007296 0.006200 -0.000807 0.999999 -0.000751 0.012898 -0.007296 0.000745 0.999973 -1.076563
0.999969 -0.000071 0.007915 0.006298 0.000076 1.000000 -0.000593 0.014290 -0.007915 0.000593 0.999969 -1.084142
0.999964 0.000656 0.008436 0.005065 -0.000666 0.999999 0.001240 0.012936 -0.008435 -0.001245 0.999964 -1.080192
0.999963 0.000949 0.008548 0.002985 -0.000958 0.999999 0.001105 0.009953 -0.008547 -0.001114 0.999963 -1.085427
0.999962 0.000793 0.008728 0.003284 -0.000802 0.999999 0.001063 0.009864 -0.008728 -0.001070 0.999961 -1.086449
0.999962 0.000651 0.008743 0.004095 -0.000663 0.999999 0.001330 0.009642 -0.008742 -0.001336 0.999961 -1.089630
0.999958 0.000918 0.009106 0.005627 -0.000931 0.999998 0.001465 0.008161 -0.009105 -0.001473 0.999957 -1.092906
0.999956 0.001307 0.009337 0.002002 -0.001310 0.999999 0.000336 0.008669 -0.009336 -0.000348 0.999956 -1.109517
0.999956 0.001071 0.009361 0.004856 -0.001056 0.999998 -0.001522 0.012635 -0.009363 0.001512 0.999955 -1.113396
0.999953 0.000878 0.009621 0.000794 -0.000874 1.000000 -0.000417 0.011500 -0.009622 0.000409 0.999954 -1.113267
0.999954 0.001632 0.009437 0.001353 -0.001641 0.999998 0.000951 0.013492 -0.009435 -0.000966 0.999955 -1.106913
0.999956 0.000450 0.009345 0.004505 -0.000469 0.999998 0.002013 0.006530 -0.009345 -0.002017 0.999954 -1.120523
0.999962 -0.001138 0.008663 0.006429 0.001137 0.999999 0.000143 0.008274 -0.008663 -0.000134 0.999962 -1.115826
0.999971 -0.000141 0.007622 0.009008 0.000147 1.000000 -0.000736 0.012833 -0.007622 0.000737 0.999971 -1.139178
0.999975 -0.000819 0.006978 0.009189 0.000818 1.000000 0.000068 0.012361 -0.006978 -0.000062 0.999976 -1.144471
0.999977 0.000196 0.006846 0.005318 -0.000204 0.999999 0.001162 0.011437 -0.006846 -0.001164 0.999976 -1.148347
0.999973 -0.000413 0.007365 0.004539 0.000392 0.999996 0.002854 0.009311 -0.007366 -0.002851 0.999969 -1.146020
0.999975 0.000631 0.007005 0.003653 -0.000651 0.999996 0.002771 0.007358 -0.007003 -0.002776 0.999972 -1.160270
0.999975 -0.000205 0.007105 0.002465 0.000199 1.000000 0.000811 0.009251 -0.007105 -0.000810 0.999974 -1.161978
0.999977 0.001096 0.006732 0.004629 -0.001087 0.999999 -0.001253 0.009006 -0.006733 0.001245 0.999977 -1.178752
0.999975 0.000919 0.007045 0.001739 -0.000913 0.999999 -0.000861 0.014268 -0.007046 0.000855 0.999975 -1.173192
0.999975 0.001097 0.006961 0.002421 -0.001101 0.999999 0.000575 0.011497 -0.006960 -0.000582 0.999976 -1.178960
0.999978 0.001329 0.006477 -0.000053 -0.001331 0.999999 0.000261 0.010822 -0.006477 -0.000270 0.999979 -1.183693
0.999982 0.001068 0.005863 0.005605 -0.001067 0.999999 -0.000198 0.013206 -0.005864 0.000192 0.999983 -1.186985
0.999985 0.001527 0.005252 0.005413 -0.001527 0.999999 -0.000033 0.011121 -0.005252 0.000025 0.999986 -1.196961
0.999981 0.003249 0.005197 0.001682 -0.003256 0.999994 0.001307 0.009418 -0.005193 -0.001324 0.999986 -1.199805
0.999979 0.003529 0.005414 0.002299 -0.003547 0.999988 0.003332 0.006461 -0.005402 -0.003351 0.999980 -1.202711
0.999970 0.004801 0.006103 0.000978 -0.004811 0.999987 0.001568 0.006497 -0.006096 -0.001598 0.999980 -1.207698
0.999949 0.005529 0.008490 -0.002754 -0.005530 0.999985 0.000112 0.009770 -0.008489 -0.000159 0.999964 -1.203707
0.999928 0.005574 0.010671 -0.008108 -0.005578 0.999984 0.000412 0.012103 -0.010668 -0.000472 0.999943 -1.199913
0.999930 0.003320 0.011381 0.000342 -0.003305 0.999994 -0.001356 0.008764 -0.011385 0.001318 0.999934 -1.214737
0.999937 0.000876 0.011189 0.002514 -0.000848 0.999996 -0.002555 0.011569 -0.011191 0.002545 0.999934 -1.223157
0.999934 0.000103 0.011518 0.002754 -0.000100 1.000000 -0.000276 0.013240 -0.011518 0.000275 0.999934 -1.220595
0.999928 -0.000153 0.012025 0.001965 0.000130 0.999998 0.001924 0.006664 -0.012025 -0.001922 0.999926 -1.223433
0.999922 0.001145 0.012402 0.000129 -0.001169 0.999997 0.001940 0.008532 -0.012399 -0.001954 0.999921 -1.230572
0.999925 0.001239 0.012150 -0.000635 -0.001254 0.999998 0.001238 0.008276 -0.012148 -0.001253 0.999925 -1.247303
0.999917 0.003596 0.012338 -0.007078 -0.003578 0.999993 -0.001456 0.010857 -0.012343 0.001412 0.999923 -1.264225
0.999921 0.001825 0.012431 -0.003706 -0.001811 0.999998 -0.001173 0.013217 -0.012433 0.001150 0.999922 -1.245814
0.999922 0.000852 0.012468 -0.000512 -0.000855 1.000000 0.000270 0.011375 -0.012468 -0.000280 0.999922 -1.249740
0.999924 0.000068 0.012313 -0.000266 -0.000083 0.999999 0.001210 0.010186 -0.012313 -0.001211 0.999923 -1.246520
0.999928 -0.001012 0.011981 0.004473 0.000998 0.999999 0.001130 0.008379 -0.011982 -0.001118 0.999928 -1.250451
0.999932 -0.000306 0.011696 0.003978 0.000288 0.999999 0.001581 0.008700 -0.011696 -0.001577 0.999930 -1.258939
0.999935 -0.000318 0.011375 0.000390 0.000317 1.000000 0.000088 0.008252 -0.011375 -0.000085 0.999935 -1.262475
0.999947 -0.000177 0.010289 0.003719 0.000201 0.999997 -0.002257 0.011810 -0.010289 0.002259 0.999945 -1.273113
0.999956 0.001096 0.009276 0.001425 -0.001075 0.999997 -0.002317 0.013682 -0.009279 0.002307 0.999954 -1.272380
0.999960 0.000647 0.008922 0.001601 -0.000647 1.000000 0.000048 0.013216 -0.008922 -0.000054 0.999960 -1.276522
0.999961 0.002195 0.008503 0.003078 -0.002215 0.999995 0.002380 0.010415 -0.008497 -0.002399 0.999961 -1.279481
0.999966 0.003187 0.007647 0.001288 -0.003205 0.999992 0.002407 0.009004 -0.007639 -0.002432 0.999968 -1.277972
0.999975 0.001376 0.006886 0.002632 -0.001393 0.999996 0.002491 0.008181 -0.006883 -0.002500 0.999973 -1.283194
0.999978 0.002414 0.006108 -0.001460 -0.002432 0.999993 0.002973 0.008899 -0.006101 -0.002987 0.999977 -1.279011
0.999981 0.003077 0.005254 -0.002834 -0.003075 0.999995 -0.000356 0.013065 -0.005255 0.000340 0.999986 -1.281906
0.999987 0.002046 0.004666 -0.001033 -0.002028 0.999991 -0.003815 0.018745 -0.004674 0.003805 0.999982 -1.277836
0.999985 0.003440 0.004171 -0.004170 -0.003425 0.999987 -0.003717 0.019967 -0.004184 0.003703 0.999984 -1.272913
0.999991 0.001870 0.003761 0.000904 -0.001865 0.999997 -0.001406 0.017129 -0.003763 0.001399 0.999992 -1.271810
0.999993 0.001832 0.003178 0.002284 -0.001829 0.999998 -0.000936 0.017673 -0.003180 0.000930 0.999995 -1.259837
0.999994 0.002033 0.002679 0.000868 -0.002029 0.999996 -0.001754 0.015881 -0.002682 0.001749 0.999995 -1.254045
0.999995 0.001781 0.002552 0.002602 -0.001776 0.999997 -0.001768 0.018690 -0.002555 0.001764 0.999995 -1.250466
0.999994 0.002692 0.002321 0.004407 -0.002692 0.999996 0.000032 0.016644 -0.002321 -0.000038 0.999997 -1.233685
0.999993 0.002657 0.002460 0.002588 -0.002655 0.999996 -0.000639 0.015008 -0.002462 0.000632 0.999997 -1.234677
0.999991 0.003675 0.002093 0.009404 -0.003670 0.999991 -0.002219 0.014354 -0.002102 0.002211 0.999995 -1.226159
0.999995 0.001994 0.002325 -0.001698 -0.001990 0.999997 -0.001738 0.022365 -0.002329 0.001733 0.999996 -1.204440
0.999995 0.002696 0.001755 0.003653 -0.002697 0.999996 0.000390 0.017204 -0.001754 -0.000395 0.999998 -1.195991
0.999998 0.001691 0.001452 0.002293 -0.001692 0.999998 0.000696 0.017851 -0.001450 -0.000698 0.999999 -1.185777
1.000000 0.000099 0.000556 0.006307 -0.000100 0.999999 0.001408 0.018510 -0.000556 -0.001408 0.999999 -1.160682
0.999999 -0.000852 -0.000610 0.012207 0.000853 0.999999 0.001244 0.016468 0.000609 -0.001245 0.999999 -1.154912
0.999995 -0.002149 -0.002269 0.006195 0.002150 0.999997 0.000686 0.018898 0.002268 -0.000691 0.999997 -1.137638
0.999987 -0.002156 -0.004693 0.011755 0.002162 0.999997 0.001228 0.018045 0.004690 -0.001238 0.999988 -1.129112
0.999985 -0.001862 -0.005136 -0.001866 0.001867 0.999998 0.000827 0.026206 0.005134 -0.000837 0.999986 -1.098905
0.999980 -0.001029 -0.006171 0.000144 0.001031 0.999999 0.000334 0.018628 0.006171 -0.000341 0.999981 -1.112218
0.999971 -0.001601 -0.007492 0.004322 0.001595 0.999998 -0.000818 0.018936 0.007494 0.000806 0.999972 -1.116929
0.999959 -0.001774 -0.008872 0.005763 0.001769 0.999998 -0.000587 0.016724 0.008873 0.000572 0.999960 -1.108937
0.999954 -0.000862 -0.009551 0.000254 0.000861 1.000000 -0.000099 0.015828 0.009551 0.000091 0.999954 -1.106459
0.999946 -0.001221 -0.010353 0.004091 0.001224 0.999999 0.000241 0.013936 0.010353 -0.000254 0.999946 -1.108277
0.999939 -0.001382 -0.011000 0.007360 0.001401 0.999997 0.001755 0.013427 0.010997 -0.001770 0.999938 -1.100701
0.999933 -0.002362 -0.011308 0.000235 0.002396 0.999993 0.003028 0.011461 0.011301 -0.003055 0.999931 -1.097545
0.999916 -0.002215 -0.012795 0.003364 0.002245 0.999995 0.002404 0.011421 0.012789 -0.002432 0.999915 -1.088782
0.999899 -0.003109 -0.013874 0.005524 0.003104 0.999995 -0.000401 0.014463 0.013875 0.000357 0.999904 -1.088939
0.999890 -0.002302 -0.014618 0.004913 0.002279 0.999996 -0.001633 0.016657 0.014622 0.001599 0.999892 -1.091836
0.999898 -0.001543 -0.014213 0.002229 0.001516 0.999997 -0.001903 0.018037 0.014215 0.001881 0.999897 -1.078433
0.999904 -0.000668 -0.013860 0.002674 0.000668 1.000000 -0.000044 0.014226 0.013860 0.000035 0.999904 -1.086750
0.999908 -0.000675 -0.013532 0.000563 0.000687 0.999999 0.000921 0.016030 0.013531 -0.000930 0.999908 -1.081327
0.999911 -0.000522 -0.013315 0.004137 0.000545 0.999998 0.001710 0.013278 0.013314 -0.001717 0.999910 -1.059980
0.999912 0.001335 -0.013229 -0.001857 -0.001321 0.999999 0.001054 0.015810 0.013230 -0.001037 0.999912 -1.053703
0.999917 -0.000429 -0.012871 -0.006388 0.000430 1.000000 0.000083 0.015263 0.012871 -0.000089 0.999917 -1.050969
0.999915 -0.001652 -0.012928 -0.000903 0.001628 0.999997 -0.001822 0.018540 0.012931 0.001801 0.999915 -1.039216
0.999927 -0.000315 -0.012039 -0.005501 0.000275 0.999995 -0.003285 0.021432 0.012040 0.003282 0.999922 -1.033973
0.999924 -0.002065 -0.012151 -0.004168 0.002055 0.999998 -0.000845 0.019431 0.012153 0.000820 0.999926 -1.017970
0.999920 -0.002228 -0.012438 0.000828 0.002245 0.999997 0.001343 0.016423 0.012435 -0.001371 0.999922 -1.001293
0.999927 -0.002232 -0.011869 -0.001195 0.002249 0.999996 0.001463 0.014556 0.011866 -0.001489 0.999928 -0.995403
0.999932 -0.000518 -0.011689 -0.005262 0.000515 1.000000 -0.000263 0.017801 0.011689 0.000257 0.999932 -0.988097
0.999931 -0.000700 -0.011707 -0.003260 0.000677 0.999998 -0.001909 0.016965 0.011708 0.001901 0.999930 -0.990652
0.999936 -0.000284 -0.011352 -0.002856 0.000260 0.999998 -0.002151 0.019565 0.011353 0.002148 0.999933 -0.977859
0.999942 0.000115 -0.010734 -0.003992 -0.000122 1.000000 -0.000633 0.017154 0.010734 0.000635 0.999942 -0.970298
0.999947 -0.001336 -0.010173 -0.003629 0.001340 0.999999 0.000330 0.014835 0.010173 -0.000344 0.999948 -0.962077
0.999951 -0.000833 -0.009895 -0.003149 0.000830 1.000000 -0.000317 0.013309 0.009895 0.000308 0.999951 -0.953045
0.999951 -0.001069 -0.009811 -0.001658 0.001043 0.999996 -0.002600 0.014800 0.009814 0.002589 0.999948 -0.946560
0.999947 -0.001355 -0.010173 -0.001344 0.001328 0.999996 -0.002607 0.018286 0.010177 0.002593 0.999945 -0.938093
0.999948 -0.001226 -0.010162 -0.000726 0.001217 0.999999 -0.000887 0.017688 0.010163 0.000874 0.999948 -0.924372
0.999944 -0.000928 -0.010531 -0.002919 0.000926 1.000000 -0.000241 0.015436 0.010531 0.000231 0.999945 -0.910862
0.999933 -0.002783 -0.011222 0.000538 0.002770 0.999996 -0.001147 0.015219 0.011225 0.001116 0.999936 -0.898378
0.999914 -0.000958 -0.013104 -0.000280 0.000920 0.999995 -0.002872 0.016681 0.013107 0.002859 0.999910 -0.891681
0.999901 -0.002147 -0.013935 0.000013 0.002101 0.999992 -0.003294 0.018297 0.013942 0.003265 0.999897 -0.879711
0.999882 -0.001994 -0.015240 0.002618 0.001983 0.999998 -0.000749 0.017032 0.015242 0.000719 0.999884 -0.869104
0.999881 -0.001809 -0.015294 0.000749 0.001823 0.999998 0.000935 0.014368 0.015292 -0.000963 0.999883 -0.863169
0.999880 -0.000234 -0.015507 -0.001522 0.000266 0.999998 0.002068 0.010839 0.015507 -0.002072 0.999878 -0.856129
0.999872 -0.000912 -0.015955 -0.001539 0.000905 1.000000 -0.000418 0.010603 0.015955 0.000403 0.999873 -0.856267
0.999862 -0.000858 -0.016583 -0.001942 0.000833 0.999998 -0.001549 0.012796 0.016584 0.001535 0.999861 -0.864448
0.999857 -0.000765 -0.016872 -0.002409 0.000716 0.999996 -0.002879 0.012953 0.016874 0.002867 0.999854 -0.858773
0.999865 -0.000058 -0.016450 -0.002778 0.000021 0.999997 -0.002258 0.014570 0.016450 0.002257 0.999862 -0.856448
0.999874 0.000169 -0.015847 -0.001787 -0.000213 0.999996 -0.002825 0.014680 0.015847 0.002828 0.999870 -0.854298
0.999894 0.000379 -0.014521 -0.002105 -0.000407 0.999998 -0.001973 0.014465 0.014520 0.001978 0.999893 -0.844983
0.999912 0.001399 -0.013193 -0.004720 -0.001417 0.999998 -0.001405 0.014201 0.013191 0.001424 0.999912 -0.848642
0.999925 0.000119 -0.012275 -0.003794 -0.000123 1.000000 -0.000318 0.012550 0.012275 0.000320 0.999925 -0.844934
0.999919 -0.001109 -0.012710 -0.000929 0.001110 0.999999 0.000034 0.011211 0.012710 -0.000048 0.999919 -0.848620
0.999917 -0.001657 -0.012792 -0.000059 0.001646 0.999998 -0.000858 0.010698 0.012794 0.000837 0.999918 -0.853872
0.999924 -0.000831 -0.012291 -0.001471 0.000825 1.000000 -0.000459 0.012966 0.012292 0.000449 0.999924 -0.855615
0.999930 0.000662 -0.011783 -0.003031 -0.000661 1.000000 0.000066 0.011398 0.011783 -0.000058 0.999931 -0.858019
0.999945 0.001075 -0.010405 -0.005492 -0.001064 0.999999 0.001088 0.008731 0.010406 -0.001077 0.999945 -0.862759
0.999959 0.000381 -0.009093 -0.002638 -0.000377 1.000000 0.000525 0.008616 0.009094 -0.000522 0.999959 -0.868345
0.999973 -0.000478 -0.007281 -0.003474 0.000473 1.000000 -0.000700 0.008435 0.007281 0.000697 0.999973 -0.877300
0.999978 -0.000068 -0.006647 -0.005399 0.000046 0.999994 -0.003331 0.008960 0.006647 0.003331 0.999972 -0.884906
0.999975 -0.002353 -0.006627 -0.003953 0.002325 0.999988 -0.004238 0.010364 0.006637 0.004223 0.999969 -0.900411
0.999973 -0.001531 -0.007240 -0.002028 0.001511 0.999995 -0.002769 0.010950 0.007244 0.002758 0.999970 -0.918493
0.999972 -0.001899 -0.007220 0.000386 0.001884 0.999996 -0.002130 0.007392 0.007224 0.002116 0.999972 -0.923294
0.999973 -0.000686 -0.007327 -0.001918 0.000670 0.999997 -0.002162 0.007773 0.007328 0.002157 0.999971 -0.935520
0.999971 -0.000107 -0.007605 -0.000732 0.000085 0.999996 -0.002896 0.009814 0.007606 0.002895 0.999967 -0.945722
0.999967 0.001103 -0.008025 -0.002419 -0.001119 0.999998 -0.001933 0.010070 0.008023 0.001942 0.999966 -0.958169
0.999965 0.000803 -0.008343 -0.005091 -0.000811 0.999999 -0.000942 0.007974 0.008343 0.000949 0.999965 -0.973819
0.999960 0.000879 -0.008938 -0.003385 -0.000879 1.000000 0.000000 0.007873 0.008938 0.000008 0.999960 -0.979299
0.999950 0.002593 -0.009651 -0.005076 -0.002587 0.999996 0.000621 0.007812 0.009653 -0.000596 0.999953 -0.994799
0.999945 0.001210 -0.010371 -0.002811 -0.001196 0.999998 0.001312 0.006999 0.010372 -0.001300 0.999945 -1.001115
0.999931 0.000420 -0.011755 -0.002730 -0.000395 0.999998 0.002160 0.006777 0.011756 -0.002156 0.999929 -1.015181
0.999897 -0.002103 -0.014211 0.001820 0.002115 0.999997 0.000836 0.005698 0.014210 -0.000866 0.999899 -1.027619
0.999845 -0.003431 -0.017241 0.003739 0.003411 0.999993 -0.001185 0.007422 0.017245 0.001126 0.999851 -1.046068
0.999803 -0.002906 -0.019611 0.005516 0.002846 0.999991 -0.003048 0.012861 0.019620 0.002992 0.999803 -1.067666
0.999778 -0.002776 -0.020890 0.003824 0.002742 0.999995 -0.001661 0.009606 0.020895 0.001603 0.999780 -1.072474
0.999755 -0.001396 -0.022088 0.004528 0.001377 0.999999 -0.000858 0.010095 0.022089 0.000828 0.999756 -1.088421
0.999755 -0.000940 -0.022124 0.001726 0.000905 0.999998 -0.001609 0.010003 0.022125 0.001588 0.999754 -1.101549
0.999753 -0.000182 -0.022205 0.001719 0.000118 0.999996 -0.002874 0.012637 0.022206 0.002871 0.999749 -1.113655
0.999743 -0.001394 -0.022626 0.005095 0.001314 0.999993 -0.003540 0.011202 0.022631 0.003510 0.999738 -1.113870
0.999740 -0.001349 -0.022778 0.006608 0.001249 0.999990 -0.004379 0.014080 0.022784 0.004349 0.999731 -1.133064
0.999742 -0.001403 -0.022692 0.004862 0.001325 0.999993 -0.003447 0.015494 0.022697 0.003416 0.999737 -1.150394
0.999748 -0.001717 -0.022379 0.005358 0.001716 0.999999 -0.000072 0.011693 0.022379 0.000033 0.999750 -1.166908
0.999755 0.000462 -0.022136 0.004808 -0.000421 0.999998 0.001829 0.009405 0.022137 -0.001819 0.999753 -1.171150
0.999777 -0.000316 -0.021114 0.005983 0.000332 1.000000 0.000726 0.008681 0.021114 -0.000732 0.999777 -1.176280
0.999792 0.001161 -0.020351 0.002203 -0.001205 0.999997 -0.002127 0.011610 0.020348 0.002151 0.999791 -1.189688
0.999801 -0.000550 -0.019919 0.001894 0.000513 0.999998 -0.001866 0.013570 0.019920 0.001856 0.999800 -1.208984
0.999796 -0.000450 -0.020211 0.001534 0.000428 0.999999 -0.001083 0.011195 0.020212 0.001075 0.999795 -1.224707
0.999789 -0.001946 -0.020469 0.009472 0.001929 0.999998 -0.000880 0.013560 0.020471 0.000840 0.999790 -1.240286
0.999787 -0.000535 -0.020608 0.006742 0.000517 0.999999 -0.000903 0.013804 0.020609 0.000892 0.999787 -1.262335
0.999787 -0.002435 -0.020483 0.009457 0.002438 0.999997 0.000097 0.013376 0.020483 -0.000147 0.999790 -1.268826
0.999796 -0.001306 -0.020160 0.010113 0.001322 0.999999 0.000752 0.013833 0.020159 -0.000778 0.999796 -1.274129
0.999807 -0.000233 -0.019634 0.009298 0.000271 0.999998 0.001924 0.013107 0.019634 -0.001929 0.999805 -1.295323
0.999813 -0.002199 -0.019192 0.013754 0.002240 0.999995 0.002135 0.011292 0.019187 -0.002178 0.999814 -1.295037
0.999813 -0.000397 -0.019316 0.011654 0.000423 0.999999 0.001368 0.013151 0.019315 -0.001376 0.999812 -1.304258
0.999819 -0.000156 -0.019021 0.008601 0.000206 0.999997 0.002590 0.012851 0.019021 -0.002594 0.999816 -1.315979
0.999823 -0.000775 -0.018786 0.011019 0.000867 0.999988 0.004872 0.011423 0.018782 -0.004887 0.999812 -1.326471
0.999836 -0.000947 -0.018058 0.010772 0.001058 0.999981 0.006149 0.008796 0.018052 -0.006167 0.999818 -1.331576
0.999842 -0.001255 -0.017752 0.011834 0.001336 0.999989 0.004556 0.008462 0.017746 -0.004579 0.999832 -1.343847
0.999841 -0.001823 -0.017723 0.011600 0.001888 0.999991 0.003677 0.010230 0.017716 -0.003710 0.999836 -1.362121
0.999837 -0.001804 -0.017955 0.013121 0.001844 0.999996 0.002220 0.012498 0.017951 -0.002252 0.999836 -1.374447
0.999846 0.000628 -0.017515 0.007080 -0.000643 0.999999 -0.000846 0.015243 0.017514 0.000857 0.999846 -1.385146
0.999848 0.001159 -0.017412 0.006114 -0.001157 0.999999 0.000161 0.014925 0.017412 -0.000141 0.999848 -1.385300
0.999853 0.001730 -0.017060 0.003106 -0.001651 0.999988 0.004637 0.009942 0.017068 -0.004609 0.999844 -1.394153
0.999858 0.000199 -0.016863 0.008072 -0.000137 0.999993 0.003705 0.009622 0.016863 -0.003702 0.999851 -1.407554
0.999852 -0.001884 -0.017110 0.009254 0.001878 0.999998 -0.000376 0.012724 0.017111 0.000344 0.999854 -1.424427
0.999839 -0.001875 -0.017836 0.008283 0.001876 0.999998 0.000022 0.015209 0.017836 -0.000055 0.999841 -1.448233
0.999826 -0.002731 -0.018462 0.015016 0.002774 0.999993 0.002308 0.012477 0.018455 -0.002359 0.999827 -1.450479
0.999837 0.000869 -0.018035 0.007781 -0.000810 0.999994 0.003261 0.013258 0.018037 -0.003246 0.999832 -1.458072
0.999837 0.000039 -0.018047 0.009025 -0.000009 0.999999 0.001651 0.013687 0.018047 -0.001651 0.999836 -1.464968
0.999823 0.001800 -0.018723 0.008967 -0.001716 0.999988 0.004505 0.014120 0.018731 -0.004472 0.999815 -1.467486
0.999792 -0.000861 -0.020400 0.010956 0.000967 0.999986 0.005174 0.011570 0.020396 -0.005193 0.999779 -1.487563
0.999730 -0.002216 -0.023127 0.012520 0.002278 0.999994 0.002666 0.012060 0.023121 -0.002718 0.999729 -1.509957
0.999664 -0.002814 -0.025759 0.014766 0.002820 0.999996 0.000220 0.017336 0.025758 -0.000292 0.999668 -1.521228
0.999606 -0.004267 -0.027757 0.020573 0.004306 0.999990 0.001331 0.017880 0.027751 -0.001450 0.999614 -1.524765
0.999598 -0.003194 -0.028162 0.022465 0.003257 0.999992 0.002202 0.015207 0.028155 -0.002292 0.999601 -1.522903
0.999613 -0.002788 -0.027678 0.018104 0.002839 0.999994 0.001797 0.015017 0.027673 -0.001875 0.999615 -1.517290
0.999628 -0.000424 -0.027254 0.017721 0.000452 0.999999 0.001002 0.015434 0.027253 -0.001014 0.999628 -1.512114
0.999630 -0.000805 -0.027196 0.014482 0.000832 0.999999 0.000982 0.019677 0.027195 -0.001004 0.999630 -1.527363
0.999629 0.000678 -0.027211 0.015422 -0.000577 0.999993 0.003716 0.016039 0.027214 -0.003699 0.999623 -1.542154
0.999654 0.000829 -0.026303 0.015132 -0.000726 0.999992 0.003942 0.018087 0.026306 -0.003922 0.999646 -1.536476
0.999682 -0.000364 -0.025226 0.013739 0.000418 0.999998 0.002129 0.017926 0.025225 -0.002139 0.999680 -1.544629
0.999702 0.000361 -0.024392 0.014480 -0.000309 0.999998 0.002108 0.021556 0.024393 -0.002100 0.999700 -1.555229
0.999727 0.000514 -0.023370 0.012843 -0.000497 1.000000 0.000728 0.018280 0.023370 -0.000716 0.999727 -1.553165
0.999762 0.000224 -0.021799 0.002776 -0.000208 1.000000 0.000771 0.019647 0.021800 -0.000766 0.999762 -1.579294
0.999777 0.001546 -0.021045 0.004066 -0.001506 0.999997 0.001961 0.014874 0.021048 -0.001929 0.999777 -1.595372
0.999792 0.001110 -0.020359 0.004873 -0.001058 0.999996 0.002574 0.016565 0.020361 -0.002551 0.999789 -1.574825
0.999796 0.001107 -0.020190 0.007519 -0.001031 0.999992 0.003778 0.014848 0.020194 -0.003756 0.999789 -1.581252
0.999803 0.000098 -0.019840 0.005325 -0.000058 0.999998 0.002053 0.013454 0.019840 -0.002051 0.999801 -1.589044
0.999803 -0.000391 -0.019828 0.004682 0.000396 1.000000 0.000282 0.014914 0.019828 -0.000289 0.999803 -1.579255
0.999788 -0.001897 -0.020492 0.008984 0.001887 0.999998 -0.000479 0.017997 0.020493 0.000440 0.999790 -1.561887
0.999765 -0.004062 -0.021298 0.012345 0.004018 0.999990 -0.002122 0.023291 0.021307 0.002036 0.999771 -1.572445
0.999764 -0.004070 -0.021357 0.013731 0.004023 0.999989 -0.002246 0.025827 0.021366 0.002160 0.999769 -1.562938
0.999767 -0.004373 -0.021138 0.012844 0.004348 0.999990 -0.001205 0.027431 0.021143 0.001113 0.999776 -1.556408
0.999777 -0.002488 -0.020982 0.012377 0.002527 0.999995 0.001837 0.025680 0.020978 -0.001889 0.999778 -1.545252
0.999775 -0.003866 -0.020837 0.014199 0.003895 0.999992 0.001343 0.025511 0.020832 -0.001424 0.999782 -1.515458
0.999759 -0.001549 -0.021915 0.004574 0.001524 0.999998 -0.001143 0.026098 0.021917 0.001109 0.999759 -1.517487
0.999719 -0.002709 -0.023559 0.014261 0.002637 0.999992 -0.003094 0.029041 0.023567 0.003031 0.999718 -1.500818
0.999714 -0.001762 -0.023865 0.013041 0.001683 0.999993 -0.003315 0.029177 0.023871 0.003274 0.999710 -1.500433
0.999717 -0.002341 -0.023685 0.012771 0.002269 0.999993 -0.003041 0.032736 0.023692 0.002987 0.999715 -1.484278
0.999726 -0.000679 -0.023384 0.010231 0.000636 0.999998 -0.001809 0.030830 0.023385 0.001794 0.999725 -1.463454
0.999733 -0.000817 -0.023108 0.011771 0.000792 0.999999 -0.001113 0.030007 0.023109 0.001095 0.999732 -1.447439
0.999744 0.000632 -0.022629 0.011292 -0.000648 1.000000 -0.000703 0.029696 0.022628 0.000718 0.999744 -1.411304
0.999748 0.000735 -0.022423 0.009301 -0.000722 1.000000 0.000616 0.027292 0.022423 -0.000600 0.999748 -1.412764
0.999752 0.002500 -0.022136 0.002888 -0.002496 0.999997 0.000178 0.025844 0.022137 -0.000123 0.999755 -1.397431
0.999759 0.000177 -0.021974 0.006513 -0.000223 0.999998 -0.002114 0.027778 0.021973 0.002119 0.999756 -1.397626
0.999768 -0.000619 -0.021540 0.008489 0.000608 1.000000 -0.000519 0.029109 0.021540 0.000505 0.999768 -1.371843
0.999783 -0.001870 -0.020728 0.013183 0.001958 0.999989 0.004226 0.025390 0.020720 -0.004266 0.999776 -1.354526
0.999803 -0.002227 -0.019702 0.007823 0.002399 0.999959 0.008696 0.019347 0.019682 -0.008742 0.999768 -1.350347
0.999804 -0.003434 -0.019475 0.007320 0.003566 0.999971 0.006745 0.017261 0.019452 -0.006813 0.999788 -1.349591
0.999798 -0.004096 -0.019688 0.011405 0.004150 0.999988 0.002710 0.021740 0.019677 -0.002792 0.999802 -1.326287
0.999791 -0.004547 -0.019926 0.011627 0.004546 0.999990 -0.000118 0.024248 0.019926 0.000027 0.999801 -1.327597
0.999792 -0.005663 -0.019617 0.012532 0.005637 0.999983 -0.001345 0.023633 0.019625 0.001234 0.999807 -1.328063
0.999805 -0.003562 -0.019413 0.015201 0.003551 0.999994 -0.000592 0.022854 0.019415 0.000523 0.999811 -1.301741
0.999812 -0.002168 -0.019262 0.012991 0.002129 0.999996 -0.002076 0.022698 0.019266 0.002034 0.999812 -1.293705
0.999819 -0.002152 -0.018894 0.014668 0.002144 0.999998 -0.000430 0.022154 0.018895 0.000389 0.999821 -1.271749
0.999824 -0.001281 -0.018713 0.013038 0.001288 0.999999 0.000396 0.019901 0.018713 -0.000420 0.999825 -1.248621
0.999806 -0.005799 -0.018804 0.018709 0.005848 0.999980 0.002543 0.017859 0.018789 -0.002653 0.999820 -1.238659
0.999823 -0.002080 -0.018718 0.015115 0.002110 0.999997 0.001580 0.014948 0.018714 -0.001619 0.999824 -1.236946
0.999856 -0.002019 -0.016855 0.006680 0.001964 0.999993 -0.003241 0.023043 0.016861 0.003208 0.999853 -1.249937
0.999883 0.001024 -0.015277 0.002368 -0.001091 0.999990 -0.004403 0.024146 0.015272 0.004419 0.999874 -1.230878
0.999903 -0.000860 -0.013870 0.005204 0.000803 0.999991 -0.004172 0.024262 0.013874 0.004161 0.999895 -1.192335
0.999921 0.001104 -0.012498 0.002751 -0.001145 0.999994 -0.003263 0.023826 0.012494 0.003277 0.999917 -1.166955
0.999945 -0.000517 -0.010503 0.006477 0.000519 1.000000 0.000145 0.022070 0.010503 -0.000150 0.999945 -1.162901
0.999963 -0.001169 -0.008496 0.007865 0.001189 0.999997 0.002265 0.019827 0.008493 -0.002275 0.999961 -1.158088
0.999977 -0.001829 -0.006563 0.007386 0.001840 0.999997 0.001624 0.017799 0.006560 -0.001636 0.999977 -1.146674
0.999983 -0.000890 -0.005682 0.004394 0.000913 0.999991 0.004177 0.018183 0.005678 -0.004182 0.999975 -1.128773
0.999987 0.000389 -0.005138 0.001789 -0.000344 0.999962 0.008719 0.012843 0.005141 -0.008717 0.999949 -1.122231
0.999987 -0.002174 -0.004598 0.008582 0.002186 0.999994 0.002555 0.006307 0.004593 -0.002565 0.999986 -1.095533
0.999993 0.000979 -0.003711 0.006149 -0.001011 0.999964 -0.008460 0.019103 0.003703 0.008464 0.999957 -1.099540
0.999996 0.001266 -0.002399 0.001111 -0.001290 0.999951 -0.009785 0.023109 0.002386 0.009788 0.999949 -1.088320
0.999999 0.000816 -0.001356 0.005832 -0.000821 0.999993 -0.003682 0.018413 0.001353 0.003683 0.999992 -1.078176
1.000000 -0.000515 0.000126 0.007690 0.000515 0.999998 0.002007 0.015449 -0.000127 -0.002007 0.999998 -1.064940
0.999999 0.000931 0.000436 0.008308 -0.000932 0.999995 0.003103 0.014514 -0.000433 -0.003104 0.999995 -1.060669
0.999996 -0.002204 0.001934 0.010511 0.002199 0.999995 0.002475 0.014758 -0.001939 -0.002471 0.999995 -1.049026
0.999996 -0.001892 0.002213 0.011060 0.001890 0.999998 0.000617 0.016040 -0.002214 -0.000613 0.999997 -1.037926
0.999995 -0.000659 0.003247 0.008448 0.000654 0.999998 0.001721 0.013236 -0.003248 -0.001719 0.999993 -1.024120
0.999990 -0.001992 0.003966 0.009607 0.001988 0.999998 0.000997 0.014273 -0.003968 -0.000989 0.999992 -1.018658
0.999986 -0.001018 0.005159 0.006167 0.001012 0.999999 0.001234 0.010821 -0.005160 -0.001229 0.999986 -1.015555
0.999980 -0.000290 0.006363 0.007701 0.000295 1.000000 -0.000864 0.011913 -0.006362 0.000866 0.999979 -1.006448
0.999978 0.001697 0.006368 0.008269 -0.001689 0.999998 -0.001300 0.015382 -0.006370 0.001289 0.999979 -1.004301
0.999972 0.002693 0.007038 0.002523 -0.002689 0.999996 -0.000598 0.014870 -0.007040 0.000579 0.999975 -0.998504
0.999972 0.001864 0.007261 0.001250 -0.001873 0.999998 0.001123 0.012693 -0.007259 -0.001137 0.999973 -0.989340
0.999976 0.000136 0.006873 0.007172 -0.000135 1.000000 -0.000107 0.011614 -0.006873 0.000106 0.999976 -0.992503
0.999978 -0.000555 0.006588 0.010092 0.000562 0.999999 -0.001105 0.014282 -0.006587 0.001109 0.999978 -0.986600
0.999979 -0.000295 0.006509 0.012098 0.000309 0.999998 -0.002122 0.015746 -0.006508 0.002124 0.999977 -0.983209
0.999978 0.000623 0.006652 0.008570 -0.000614 0.999999 -0.001447 0.016593 -0.006653 0.001443 0.999977 -0.984865
0.999976 0.000313 0.006865 0.006598 -0.000317 1.000000 0.000603 0.014940 -0.006865 -0.000606 0.999976 -0.976219
0.999977 0.001029 0.006717 0.007465 -0.001045 0.999997 0.002393 0.011598 -0.006715 -0.002400 0.999975 -0.971886
0.999978 0.000693 0.006630 0.006402 -0.000703 0.999998 0.001609 0.009950 -0.006629 -0.001614 0.999977 -0.970713
0.999977 -0.001312 0.006699 0.007799 0.001300 0.999998 0.001790 0.012191 -0.006702 -0.001781 0.999976 -0.970098
0.999976 -0.001439 0.006740 0.007980 0.001435 0.999999 0.000568 0.009608 -0.006741 -0.000558 0.999977 -0.965066
0.999976 0.000039 0.006933 0.007490 -0.000038 1.000000 -0.000276 0.011796 -0.006933 0.000276 0.999976 -0.963607
0.999980 -0.000361 0.006334 0.010600 0.000376 0.999997 -0.002321 0.013487 -0.006333 0.002324 0.999977 -0.962716
0.999979 0.000408 0.006405 0.009161 -0.000399 0.999999 -0.001449 0.014692 -0.006405 0.001446 0.999978 -0.961526
0.999978 0.000793 0.006592 0.006983 -0.000789 0.999999 -0.000652 0.014852 -0.006592 0.000647 0.999978 -0.958303
0.999975 0.000680 0.007007 0.005224 -0.000689 0.999999 0.001382 0.011477 -0.007006 -0.001387 0.999974 -0.952744
0.999970 0.003097 0.007113 0.002774 -0.003103 0.999995 0.000793 0.010463 -0.007110 -0.000815 0.999974 -0.952855
0.999960 0.002101 0.008734 0.004176 -0.002118 0.999996 0.002019 0.011261 -0.008730 -0.002037 0.999960 -0.946838
0.999956 0.000904 0.009340 0.009343 -0.000927 0.999996 0.002525 0.008606 -0.009338 -0.002533 0.999953 -0.939192
0.999954 0.000633 0.009583 0.007986 -0.000647 0.999999 0.001394 0.008508 -0.009582 -0.001401 0.999953 -0.934926
0.999970 -0.001151 0.007595 0.012741 0.001160 0.999999 -0.001141 0.010574 -0.007594 0.001150 0.999971 -0.937343
0.999984 -0.001331 0.005470 0.011695 0.001340 0.999998 -0.001748 0.012290 -0.005468 0.001755 0.999984 -0.937182
0.999990 -0.001957 0.003982 0.010352 0.001956 0.999998 0.000213 0.013281 -0.003982 -0.000205 0.999992 -0.944951
0.999997 0.000008 0.002628 0.008100 -0.000013 0.999998 0.001818 0.008749 -0.002628 -0.001818 0.999995 -0.951351
0.999996 0.000480 0.002767 0.005972 -0.000484 0.999999 0.001568 0.005962 -0.002766 -0.001569 0.999995 -0.956078
0.999995 0.001178 0.002939 0.005941 -0.001177 0.999999 -0.000053 0.008138 -0.002939 0.000050 0.999996 -0.959886
0.999993 0.002355 0.003067 0.002483 -0.002355 0.999997 0.000102 0.010550 -0.003066 -0.000109 0.999995 -0.968572
