1.000000 0.000000 0.000000 0.000000 0.000000 1.000000 0.000000 0.000000 0.000000 0.000000 1.000000 0.000000
0.999874 -0.001518 -0.015783 -0.008812 0.001533 0.999998 0.000969 0.000752 0.015782 -0.000993 0.999875 -0.125800
0.999766 -0.002971 -0.021450 -0.011249 0.002961 0.999995 -0.000500 0.000379 0.021451 0.000436 0.999770 -0.144674
0.999628 -0.001732 -0.027210 -0.018551 0.001692 0.999997 -0.001509 0.001052 0.027213 0.001463 0.999629 -0.159598
0.999414 0.000037 -0.034230 -0.026461 -0.000120 0.999997 -0.002433 0.002057 0.034230 0.002435 0.999411 -0.174344
0.999255 0.002743 -0.038498 -0.034417 -0.002826 0.999994 -0.002090 0.001624 0.038492 0.002197 0.999256 -0.187792
0.999188 0.002841 -0.040186 -0.038151 -0.002855 0.999996 -0.000289 -0.000098 0.040185 0.000403 0.999192 -0.205489
0.999001 -0.000423 -0.044693 -0.037180 0.000375 0.999999 -0.001076 -0.001588 0.044694 0.001058 0.999000 -0.219655
0.998761 -0.001110 -0.049743 -0.034713 0.000967 0.999995 -0.002912 -0.002426 0.049746 0.002860 0.998758 -0.236111
0.998754 0.001581 -0.049871 -0.044675 -0.001940 0.999973 -0.007146 0.005509 0.049858 0.007234 0.998730 -0.253951
0.998721 0.006858 -0.050089 -0.058665 -0.007242 0.999946 -0.007485 0.007480 0.050035 0.007839 0.998717 -0.267315
0.998469 0.003842 -0.055185 -0.046828 -0.004053 0.999985 -0.003709 0.005505 0.055169 0.003927 0.998469 -0.258434
0.998327 -0.000474 -0.057825 -0.042331 0.000261 0.999993 -0.003704 0.009033 0.057827 0.003683 0.998320 -0.258389
0.998313 -0.000045 -0.058067 -0.043808 -0.000199 0.999991 -0.004188 0.005493 0.058067 0.004192 0.998304 -0.282468
0.998199 0.002922 -0.059911 -0.046335 -0.003162 0.999987 -0.003906 0.007198 0.059899 0.004088 0.998196 -0.292548
0.998114 0.004391 -0.061238 -0.044248 -0.004574 0.999986 -0.002841 0.011834 0.061225 0.003116 0.998119 -0.297210
0.998201 0.003206 -0.059871 -0.044141 -0.003339 0.999992 -0.002125 0.009498 0.059864 0.002321 0.998204 -0.315406
0.998271 0.003624 -0.058661 -0.045624 -0.003652 0.999993 -0.000371 0.004395 0.058660 0.000585 0.998278 -0.340488
0.998300 0.001653 -0.058253 -0.038679 -0.001682 0.999998 -0.000454 0.000478 0.058252 0.000551 0.998302 -0.365020
0.998393 -0.002332 -0.056624 -0.028620 0.002222 0.999996 -0.001996 0.005674 0.056629 0.001867 0.998394 -0.382916
0.998598 -0.000209 -0.052926 -0.029460 0.000153 0.999999 -0.001058 0.006367 0.052926 0.001048 0.998598 -0.406022
0.998805 0.000498 -0.048861 -0.032204 -0.000557 0.999999 -0.001193 0.008781 0.048861 0.001218 0.998805 -0.423959
0.998959 0.000833 -0.045602 -0.027308 -0.000920 0.999998 -0.001878 0.006809 0.045600 0.001918 0.998958 -0.453927
0.999076 -0.000710 -0.042973 -0.024692 0.000707 1.000000 -0.000064 0.007141 0.042973 0.000033 0.999076 -0.474916
0.999160 0.001181 -0.040970 -0.023647 -0.001119 0.999998 0.001536 0.004054 0.040972 -0.001489 0.999159 -0.494501
0.999317 0.003268 -0.036818 -0.025431 -0.003154 0.999990 0.003166 0.000999 0.036828 -0.003048 0.999317 -0.518840
0.999480 0.003659 -0.032041 -0.020636 -0.003548 0.999987 0.003527 0.001591 0.032054 -0.003411 0.999480 -0.541649
0.999629 0.002431 -0.027135 -0.017065 -0.002350 0.999993 0.003014 -0.000424 0.027142 -0.002949 0.999627 -0.566423
0.999769 0.002088 -0.021386 -0.012609 -0.002058 0.999997 0.001432 0.000271 0.021389 -0.001388 0.999770 -0.595700
0.999881 0.001615 -0.015355 -0.010377 -0.001614 0.999999 0.000090 0.000835 0.015355 -0.000065 0.999882 -0.622135
0.999927 0.001506 -0.011988 -0.007902 -0.001518 0.999998 -0.001017 0.003893 0.011986 0.001035 0.999928 -0.647641
0.999935 -0.000705 -0.011420 -0.003380 0.000681 0.999998 -0.002122 0.005101 0.011422 0.002115 0.999933 -0.670196
0.999939 -0.000812 -0.010985 -0.002871 0.000790 0.999998 -0.001985 0.005359 0.010987 0.001977 0.999938 -0.697587
0.999945 -0.000304 -0.010445 -0.002963 0.000284 0.999998 -0.001902 0.006750 0.010446 0.001899 0.999944 -0.715999
0.999945 -0.000369 -0.010451 -0.003764 0.000349 0.999998 -0.002002 0.008141 0.010451 0.001998 0.999943 -0.736388
0.999942 0.000463 -0.010719 -0.002216 -0.000478 0.999999 -0.001398 0.007387 0.010718 0.001403 0.999942 -0.755290
0.999944 0.000508 -0.010558 -0.003276 -0.000520 0.999999 -0.001202 0.008910 0.010558 0.001207 0.999944 -0.776203
0.999941 -0.000763 -0.010814 -0.001061 0.000730 0.999995 -0.003063 0.010120 0.010816 0.003055 0.999937 -0.790198
0.999931 -0.001062 -0.011671 0.000779 0.001017 0.999992 -0.003909 0.010996 0.011675 0.003897 0.999924 -0.798838
0.999924 -0.000143 -0.012361 -0.001388 0.000094 0.999992 -0.004004 0.015729 0.012361 0.004002 0.999916 -0.805814
0.999912 -0.000083 -0.013289 -0.000690 0.000053 0.999997 -0.002268 0.016013 0.013289 0.002267 0.999909 -0.809037
0.999899 0.000546 -0.014220 -0.002519 -0.000553 1.000000 -0.000455 0.016003 0.014219 0.000463 0.999899 -0.811330
0.999893 -0.000382 -0.014608 -0.002095 0.000395 1.000000 0.000906 0.015028 0.014608 -0.000911 0.999893 -0.815916
0.999860 0.000509 -0.016740 -0.002920 -0.000490 0.999999 0.001154 0.013347 0.016741 -0.001145 0.999859 -0.821964
0.999784 -0.001227 -0.020742 -0.002356 0.001256 0.999998 0.001393 0.014542 0.020740 -0.001419 0.999784 -0.827599
0.999661 -0.002898 -0.025875 -0.001520 0.002923 0.999995 0.000904 0.014479 0.025872 -0.000980 0.999665 -0.835057
0.999532 -0.002104 -0.030528 -0.002319 0.002111 0.999998 0.000205 0.015000 0.030528 -0.000269 0.999534 -0.838088
0.999443 -0.001188 -0.033365 -0.003884 0.001188 0.999999 -0.000008 0.016154 0.033365 -0.000032 0.999443 -0.836472
0.999407 0.000437 -0.034429 -0.005632 -0.000418 1.000000 0.000553 0.017306 0.034430 -0.000538 0.999407 -0.838061
0.999427 0.001007 -0.033837 -0.008088 -0.000966 0.999999 0.001207 0.015820 0.033838 -0.001174 0.999427 -0.841492
0.999458 -0.000282 -0.032905 -0.004977 0.000344 0.999998 0.001886 0.015140 0.032905 -0.001896 0.999457 -0.841986
0.999466 -0.000559 -0.032660 -0.003252 0.000656 0.999995 0.002963 0.014868 0.032658 -0.002983 0.999462 -0.843122
0.999466 0.004584 -0.032349 -0.011274 -0.004452 0.999982 0.004133 0.014428 0.032367 -0.003986 0.999468 -0.843872
0.999478 0.006742 -0.031608 -0.016065 -0.006582 0.999965 0.005153 0.012326 0.031641 -0.004942 0.999487 -0.843194
0.999504 0.007555 -0.030584 -0.018293 -0.007398 0.999959 0.005254 0.012241 0.030622 -0.005025 0.999518 -0.845258
0.999548 0.006857 -0.029285 -0.017275 -0.006729 0.999967 0.004446 0.013399 0.029315 -0.004247 0.999561 -0.847775
0.999556 0.009226 -0.028345 -0.020633 -0.009112 0.999950 0.004147 0.013784 0.028382 -0.003887 0.999590 -0.847558
0.999615 0.006495 -0.026957 -0.018090 -0.006251 0.999939 0.009140 0.015033 0.027015 -0.008968 0.999595 -0.841458
0.999642 0.005084 -0.026284 -0.015209 -0.004693 0.999878 0.014930 0.010711 0.026357 -0.014801 0.999543 -0.831186
0.999665 0.001228 -0.025836 -0.011259 -0.000762 0.999837 0.018043 0.003534 0.025854 -0.018018 0.999503 -0.824842
0.999643 -0.000312 -0.026715 -0.007113 0.000743 0.999870 0.016128 -0.000768 0.026707 -0.016142 0.999513 -0.826035
0.999648 0.003017 -0.026375 -0.009205 -0.002748 0.999944 0.010235 0.004481 0.026404 -0.010159 0.999600 -0.822286
0.999671 0.001916 -0.025564 -0.011082 -0.001820 0.999991 0.003749 0.009456 0.025571 -0.003701 0.999666 -0.828576
0.999691 0.002564 -0.024734 -0.009866 -0.002601 0.999996 -0.001428 0.012373 0.024730 0.001492 0.999693 -0.830001
0.999743 0.002448 -0.022547 -0.011054 -0.002583 0.999979 -0.005940 0.018023 0.022532 0.005997 0.999728 -0.821585
0.999771 0.007057 -0.020193 -0.015851 -0.007153 0.999963 -0.004699 0.018899 0.020159 0.004843 0.999785 -0.823173
0.999875 0.001546 -0.015733 -0.007238 -0.001553 0.999999 -0.000426 0.017656 0.015732 0.000450 0.999876 -0.805049
0.999911 0.003489 -0.012895 -0.005820 -0.003452 0.999990 0.002889 0.014823 0.012905 -0.002844 0.999913 -0.802416
0.999936 0.000267 -0.011301 -0.002947 -0.000236 0.999996 0.002667 0.012924 0.011302 -0.002664 0.999933 -0.798662
0.999907 -0.006447 -0.012037 0.006609 0.006483 0.999975 0.002994 0.014191 0.012017 -0.003072 0.999923 -0.792661
0.999915 -0.001193 -0.012968 0.005015 0.001181 0.999999 -0.000962 0.013304 0.012970 0.000947 0.999915 -0.792380
0.999945 0.001461 -0.010341 -0.003453 -0.001455 0.999999 0.000661 0.009599 0.010342 -0.000646 0.999946 -0.797239
0.999959 0.002816 -0.008655 -0.004055 -0.002800 0.999994 0.001860 0.012489 0.008660 -0.001835 0.999961 -0.808635
0.999991 0.000872 -0.004139 0.000776 -0.000860 0.999996 0.002870 0.006457 0.004142 -0.002866 0.999987 -0.818525
1.000000 -0.000047 0.000496 -0.000014 0.000045 0.999996 0.002779 0.004296 -0.000496 -0.002779 0.999996 -0.835547
0.999990 0.002238 0.003833 0.001680 -0.002234 0.999997 -0.001157 0.008099 -0.003836 0.001149 0.999992 -0.854265
0.999973 -0.001496 0.007170 0.005796 0.001499 0.999999 -0.000317 0.008253 -0.007170 0.000328 0.999974 -0.868646
0.999963 -0.001812 0.008362 0.007605 0.001815 0.999998 -0.000406 0.006312 -0.008362 0.000421 0.999965 -0.885141
0.999963 -0.001307 0.008502 0.007745 0.001304 0.999999 0.000310 0.005966 -0.008502 -0.000299 0.999964 -0.900623
0.999968 -0.002537 0.007650 0.007824 0.002538 0.999997 -0.000073 0.007350 -0.007650 0.000093 0.999971 -0.916896
0.999978 -0.004022 0.005294 0.009947 0.004024 0.999992 -0.000253 0.008053 -0.005293 0.000274 0.999986 -0.931869
0.999990 -0.004009 0.001879 0.010514 0.004011 0.999992 -0.000761 0.009416 -0.001876 0.000768 0.999998 -0.951710
0.999994 -0.003369 -0.000246 0.010030 0.003369 0.999994 -0.001084 0.009721 0.000250 0.001084 0.999999 -0.966285
0.999999 -0.001170 -0.000971 0.007658 0.001169 0.999999 -0.000503 0.009863 0.000972 0.000502 0.999999 -0.981333
1.000000 -0.000379 -0.000540 0.005965 0.000379 1.000000 -0.000673 0.009123 0.000540 0.000673 1.000000 -0.994666
1.000000 -0.000215 -0.000188 0.004906 0.000215 1.000000 -0.000395 0.009506 0.000188 0.000395 1.000000 -1.006084
1.000000 0.000169 -0.000099 0.004997 -0.000170 0.999999 -0.001046 0.011245 0.000099 0.001046 0.999999 -1.016758
1.000000 -0.000465 -0.000142 0.005045 0.000465 1.000000 -0.000012 0.011985 0.000142 0.000012 1.000000 -1.028311
0.999998 -0.002063 -0.000193 0.008565 0.002063 0.999998 -0.000644 0.011216 0.000195 0.000643 1.000000 -1.029166
1.000000 -0.000365 0.000112 0.005170 0.000365 1.000000 -0.000474 0.015862 -0.000111 0.000474 1.000000 -1.030601
0.999999 -0.001115 0.000848 0.004061 0.001115 0.999999 -0.000167 0.016883 -0.000848 0.000168 1.000000 -1.029961
0.999999 -0.000511 0.001557 0.006081 0.000513 0.999999 -0.001486 0.017134 -0.001556 0.001487 0.999998 -1.026845
0.999997 0.000063 0.002359 0.005808 -0.000057 0.999997 -0.002468 0.019028 -0.002359 0.002468 0.999994 -1.022381
0.999996 0.000310 0.002890 0.003564 -0.000305 0.999998 -0.001837 0.020000 -0.002891 0.001836 0.999994 -1.019973
0.999996 0.000121 0.002713 0.006775 -0.000120 1.000000 -0.000347 0.018403 -0.002713 0.000346 0.999996 -1.019008
0.999997 0.000163 0.002386 0.004806 -0.000163 1.000000 0.000111 0.018152 -0.002386 -0.000111 0.999997 -1.018097
0.999999 -0.000123 0.000992 0.005847 0.000122 1.000000 0.000709 0.017247 -0.000993 -0.000709 0.999999 -1.010893
0.999999 -0.001014 -0.001021 0.007793 0.001016 0.999997 0.002028 0.017206 0.001019 -0.002029 0.999997 -1.009062
0.999993 -0.001483 -0.003297 0.006060 0.001492 0.999995 0.002924 0.016303 0.003293 -0.002928 0.999990 -1.001619
0.999985 -0.001576 -0.005174 0.007316 0.001584 0.999998 0.001492 0.014416 0.005172 -0.001500 0.999986 -1.001134
0.999979 0.001007 -0.006391 0.003323 -0.001021 0.999997 -0.002165 0.017475 0.006389 0.002172 0.999977 -0.998166
0.999979 0.000896 -0.006381 0.001969 -0.000917 0.999994 -0.003193 0.020142 0.006378 0.003198 0.999975 -0.999513
0.999977 -0.003047 -0.006055 0.006585 0.003041 0.999995 -0.001027 0.019958 0.006058 0.001008 0.999981 -0.993957
0.999981 0.001730 -0.005890 0.001877 -0.001713 0.999994 0.002877 0.015321 0.005895 -0.002866 0.999979 -0.989186
0.999983 0.000212 -0.005783 0.001494 -0.000201 0.999998 0.001790 0.014816 0.005783 -0.001789 0.999982 -0.980705
0.999983 -0.001509 -0.005562 0.007438 0.001521 0.999997 0.002096 0.016540 0.005559 -0.002104 0.999982 -0.972736
0.999990 -0.001496 -0.004219 0.003879 0.001500 0.999998 0.000970 0.016171 0.004218 -0.000977 0.999991 -0.973410
0.999992 0.000936 -0.003938 0.002216 -0.000941 0.999999 -0.001160 0.015088 0.003937 0.001163 0.999992 -0.971556
0.999996 0.000820 -0.002812 0.001045 -0.000844 0.999964 -0.008489 0.018256 0.002805 0.008491 0.999960 -0.978005
0.999997 -0.000670 -0.002532 0.003393 0.000644 0.999949 -0.010044 0.027675 0.002538 0.010043 0.999946 -0.979465
0.999997 0.001357 -0.001832 0.003162 -0.001361 0.999996 -0.002285 0.023395 0.001829 0.002288 0.999996 -0.965197
0.999999 -0.000484 -0.001327 0.004220 0.000491 0.999984 0.005604 0.011675 0.001324 -0.005605 0.999983 -0.955810
0.999997 0.002047 -0.001489 0.002234 -0.002037 0.999976 0.006598 0.012172 0.001502 -0.006595 0.999977 -0.950157
0.999986 0.005338 -0.000573 -0.003713 -0.005338 0.999985 0.001034 0.011731 0.000579 -0.001031 0.999999 -0.954543
0.999994 0.003361 0.000061 -0.003920 -0.003361 0.999994 -0.000649 0.016981 -0.000063 0.000649 1.000000 -0.952143
0.999999 -0.001544 0.000649 0.002770 0.001546 0.999994 -0.003235 0.016363 -0.000644 0.003236 0.999995 -0.947254
0.999999 -0.001123 0.001010 0.002692 0.001128 0.999988 -0.004853 0.015248 -0.001005 0.004854 0.999988 -0.947251
0.999993 -0.003426 0.001268 0.002937 0.003434 0.999977 -0.005812 0.019553 -0.001248 0.005816 0.999982 -0.946989
0.999965 -0.008330 0.000830 0.016279 0.008331 0.999964 -0.001360 0.021106 -0.000819 0.001367 0.999999 -0.940627
0.999971 -0.007327 0.002144 0.013260 0.007330 0.999972 -0.001319 0.013770 -0.002134 0.001335 0.999997 -0.941305
0.999989 0.003714 0.002698 -0.002909 -0.003711 0.999992 -0.001291 0.019844 -0.002703 0.001281 0.999996 -0.945643
0.999984 0.004091 0.003793 -0.003579 -0.004096 0.999991 0.001307 0.019735 -0.003788 -0.001322 0.999992 -0.940004
0.999976 0.002484 0.006463 0.000259 -0.002499 0.999994 0.002419 0.011861 -0.006457 -0.002435 0.999976 -0.934533
0.999943 0.005331 0.009250 -0.005348 -0.005326 0.999986 -0.000517 0.014890 -0.009253 0.000468 0.999957 -0.934269
0.999926 0.007620 0.009512 -0.007416 -0.007614 0.999971 -0.000733 0.020564 -0.009517 0.000661 0.999954 -0.932573
0.999928 -0.002455 0.011740 0.003726 0.002451 0.999997 0.000310 0.012503 -0.011741 -0.000281 0.999931 -0.931339
0.999917 -0.001822 0.012753 0.008631 0.001840 0.999997 -0.001423 0.012533 -0.012750 0.001446 0.999918 -0.928160
0.999909 0.000578 0.013451 0.002450 -0.000525 0.999992 -0.003912 0.018425 -0.013453 0.003905 0.999902 -0.927775
0.999919 -0.000251 0.012739 0.005692 0.000259 1.000000 -0.000646 0.018318 -0.012738 0.000649 0.999919 -0.925415
0.999909 0.000760 0.013474 0.005698 -0.000744 0.999999 -0.001165 0.013262 -0.013475 0.001155 0.999909 -0.920389
0.999906 0.001673 0.013603 0.002112 -0.001679 0.999998 0.000443 0.016346 -0.013602 -0.000466 0.999907 -0.919317
0.999908 -0.000096 0.013558 0.004828 0.000036 0.999990 0.004412 0.020154 -0.013559 -0.004411 0.999898 -0.913576
0.999911 0.003058 0.012964 0.001885 -0.003174 0.999955 0.008933 0.005998 -0.012936 -0.008973 0.999876 -0.909249
0.999902 -0.000037 0.014034 0.003535 -0.000035 0.999987 0.005176 0.004528 -0.014034 -0.005176 0.999888 -0.905334
0.999921 -0.001033 0.012546 0.010318 0.001074 0.999994 -0.003232 0.014910 -0.012543 0.003246 0.999916 -0.917651
0.999918 -0.000828 0.012755 0.008599 0.000873 0.999993 -0.003525 0.019669 -0.012752 0.003536 0.999912 -0.913439
0.999941 -0.002563 0.010532 0.009857 0.002542 0.999995 0.001996 0.017314 -0.010537 -0.001969 0.999943 -0.903445
0.999963 -0.004276 0.007511 0.014098 0.004226 0.999969 0.006665 0.014550 -0.007539 -0.006633 0.999950 -0.901365
0.999972 -0.005177 0.005474 0.013870 0.005135 0.999958 0.007600 0.007190 -0.005513 -0.007572 0.999956 -0.898510
0.999991 -0.002051 0.003807 0.010493 0.002039 0.999993 0.003190 0.010980 -0.003814 -0.003182 0.999988 -0.901760
0.999991 -0.001156 0.004146 0.005422 0.001155 0.999999 0.000320 0.012813 -0.004147 -0.000315 0.999991 -0.905598
0.999985 -0.000005 0.005517 0.004140 0.000004 1.000000 0.000242 0.013186 -0.005517 -0.000242 0.999985 -0.899355
0.999977 -0.002571 0.006279 0.007060 0.002593 0.999990 -0.003599 0.014036 -0.006269 0.003615 0.999974 -0.901225
0.999984 0.000151 0.005707 0.007128 -0.000129 0.999992 -0.003896 0.018261 -0.005708 0.003895 0.999976 -0.900408
0.999979 -0.001607 0.006236 0.007076 0.001623 0.999995 -0.002601 0.020209 -0.006231 0.002611 0.999977 -0.896616
0.999947 -0.008257 0.006229 0.017233 0.008249 0.999965 0.001216 0.013349 -0.006239 -0.001164 0.999980 -0.896999
0.999952 -0.007117 0.006668 0.020201 0.007099 0.999971 0.002684 0.011327 -0.006687 -0.002636 0.999974 -0.892149
0.999973 0.001919 0.007109 0.005573 -0.001946 0.999991 0.003781 0.012946 -0.007101 -0.003794 0.999968 -0.888350
0.999971 0.002098 0.007330 0.003321 -0.002120 0.999994 0.002913 0.008988 -0.007324 -0.002929 0.999969 -0.884319
0.999977 -0.001082 0.006716 0.010325 0.001093 0.999998 -0.001584 0.009490 -0.006714 0.001592 0.999976 -0.892695
0.999973 -0.000271 0.007345 0.006580 0.000308 0.999988 -0.004971 0.017647 -0.007343 0.004973 0.999961 -0.897853
0.999972 -0.001045 0.007405 0.005851 0.001064 0.999996 -0.002539 0.018621 -0.007403 0.002547 0.999969 -0.897976
0.999976 -0.001578 0.006706 0.008521 0.001552 0.999991 0.003917 0.011565 -0.006712 -0.003906 0.999970 -0.889993
0.999978 0.000947 0.006636 0.007138 -0.000965 0.999996 0.002659 0.011288 -0.006634 -0.002665 0.999974 -0.888954
0.999973 -0.002118 0.006982 0.010218 0.002109 0.999997 0.001218 0.010820 -0.006984 -0.001203 0.999975 -0.888530
0.999974 0.000157 0.007277 0.007461 -0.000153 1.000000 -0.000592 0.013747 -0.007277 0.000591 0.999973 -0.890818
0.999958 0.004235 0.008176 0.000587 -0.004224 0.999990 -0.001308 0.014062 -0.008182 0.001274 0.999966 -0.885874
0.999965 0.002926 0.007898 -0.000668 -0.002930 0.999996 0.000421 0.014086 -0.007897 -0.000445 0.999969 -0.889813
0.999976 0.001493 0.006794 0.004505 -0.001494 0.999999 0.000229 0.014137 -0.006793 -0.000239 0.999977 -0.887857
0.999956 -0.006079 0.007077 0.013857 0.006077 0.999982 0.000237 0.013567 -0.007079 -0.000194 0.999975 -0.887567
0.999975 -0.003576 0.006151 0.010683 0.003581 0.999993 -0.000774 0.012824 -0.006148 0.000796 0.999981 -0.887361
0.999983 0.003005 0.004896 -0.001345 -0.003003 0.999995 -0.000606 0.014805 -0.004898 0.000591 0.999988 -0.898017
0.999986 0.002105 0.004946 0.000351 -0.002105 0.999998 -0.000020 0.014446 -0.004946 0.000010 0.999988 -0.894523
0.999987 0.001120 0.004947 0.004488 -0.001126 0.999999 0.001169 0.011951 -0.004945 -0.001175 0.999987 -0.889329
0.999964 0.006278 0.005666 -0.000182 -0.006267 0.999978 -0.002036 0.010542 -0.005679 0.002000 0.999982 -0.889877
0.999956 0.007597 0.005487 -0.008381 -0.007583 0.999968 -0.002706 0.013547 -0.005508 0.002664 0.999981 -0.896440
0.999985 0.001961 0.005061 -0.002265 -0.001955 0.999997 -0.001252 0.017751 -0.005064 0.001242 0.999986 -0.888852
0.999989 -0.001713 0.004374 0.006746 0.001703 0.999996 0.002193 0.010218 -0.004378 -0.002186 0.999988 -0.890191
0.999992 -0.001430 0.003816 0.004994 0.001421 0.999996 0.002386 0.007626 -0.003819 -0.002381 0.999990 -0.884690
0.999995 -0.002453 0.001839 0.007057 0.002453 0.999997 -0.000127 0.013196 -0.001839 0.000131 0.999998 -0.883883
0.999999 -0.000525 0.001259 0.000494 0.000526 1.000000 -0.000850 0.010010 -0.001258 0.000851 0.999999 -0.891258
0.999998 0.001395 0.001205 -0.003095 -0.001390 0.999988 -0.004598 0.010895 -0.001212 0.004596 0.999989 -0.893880
0.999999 -0.000874 0.001388 0.000228 0.000881 0.999986 -0.005136 0.020966 -0.001383 0.005138 0.999986 -0.887261
0.999999 0.000663 0.001063 0.000660 -0.000661 0.999998 -0.001903 0.018350 -0.001064 0.001903 0.999998 -0.885723
0.999999 -0.000093 0.001413 0.001815 0.000086 0.999988 0.004852 0.013339 -0.001413 -0.004852 0.999987 -0.868131
1.000000 0.000140 0.000176 0.002725 -0.000140 0.999993 0.003761 0.011535 -0.000176 -0.003761 0.999993 -0.865032
0.999995 -0.003171 0.000109 0.006914 0.003171 0.999995 -0.000166 0.010357 -0.000108 0.000166 1.000000 -0.869954
0.999998 -0.001731 0.000684 0.006332 0.001731 0.999998 -0.000501 0.017203 -0.000683 0.000502 1.000000 -0.873129
0.999989 0.004593 0.000589 -0.001447 -0.004593 0.999989 -0.000027 0.016144 -0.000589 0.000024 1.000000 -0.858180
0.999998 -0.001859 0.000891 0.003409 0.001857 0.999994 0.002942 0.008288 -0.000897 -0.002940 0.999995 -0.854414
0.999965 -0.008333 -0.000148 0.017890 0.008333 0.999962 0.002593 0.014797 0.000127 -0.002594 0.999997 -0.848593
0.999984 -0.005573 0.000579 0.014551 0.005571 0.999981 0.002596 0.013869 -0.000594 -0.002593 0.999996 -0.843642
0.999996 0.002986 0.000205 0.002625 -0.002987 0.999990 0.003216 0.010953 -0.000195 -0.003216 0.999995 -0.840417
0.999998 0.001738 0.000478 0.003153 -0.001739 0.999998 0.000786 0.014242 -0.000476 -0.000787 1.000000 -0.836551
0.999998 -0.000785 0.001675 0.007236 0.000783 0.999999 0.001261 0.012529 -0.001676 -0.001260 0.999998 -0.833255
0.999965 0.008155 0.001622 -0.004249 -0.008152 0.999965 -0.002052 0.010791 -0.001638 0.002039 0.999997 -0.833425
0.999981 0.005104 0.003352 -0.007134 -0.005090 0.999979 -0.004129 0.016224 -0.003373 0.004112 0.999986 -0.831920
0.999991 0.003838 0.001857 -0.002477 -0.003827 0.999977 -0.005618 0.019664 -0.001878 0.005610 0.999982 -0.831487
0.999991 0.001510 0.003845 0.000263 -0.001508 0.999999 -0.000550 0.015758 -0.003846 0.000544 0.999992 -0.823716
0.999987 0.001037 0.005079 0.001728 -0.001062 0.999987 0.005003 0.015648 -0.005074 -0.005008 0.999975 -0.810508
0.999978 0.001522 0.006475 0.004767 -0.001542 0.999994 0.003066 0.010205 -0.006471 -0.003076 0.999974 -0.806358
0.999965 0.000069 0.008390 0.004904 -0.000077 1.000000 0.000879 0.005208 -0.008390 -0.000880 0.999964 -0.809382
0.999951 0.002130 0.009655 0.004521 -0.002084 0.999986 -0.004769 0.016948 -0.009665 0.004749 0.999942 -0.808469
0.999918 0.004220 0.012112 -0.001101 -0.004197 0.999989 -0.001931 0.016910 -0.012120 0.001880 0.999925 -0.802537
0.999892 0.004706 0.013900 -0.000469 -0.004738 0.999986 0.002209 0.011079 -0.013889 -0.002275 0.999901 -0.794098
0.999897 -0.000054 0.014367 0.005639 0.000038 0.999999 0.001115 0.010944 -0.014367 -0.001114 0.999896 -0.792891
0.999903 0.002065 0.013802 0.005144 -0.002064 0.999998 -0.000063 0.012377 -0.013803 0.000034 0.999905 -0.789497
0.999905 0.001410 0.013680 0.004428 -0.001431 0.999998 0.001548 0.015056 -0.013678 -0.001567 0.999905 -0.785629
0.999900 -0.002269 0.013931 0.009598 0.002177 0.999976 0.006615 0.014573 -0.013946 -0.006584 0.999881 -0.774747
0.999895 -0.006509 0.012967 0.017913 0.006385 0.999934 0.009564 0.007074 -0.013028 -0.009480 0.999870 -0.765701
0.999896 -0.003216 0.014053 0.012922 0.003100 0.999961 0.008261 0.002195 -0.014079 -0.008217 0.999867 -0.762931
0.999913 0.000396 0.013195 0.007537 -0.000406 1.000000 0.000727 0.004097 -0.013195 -0.000732 0.999913 -0.765276
0.999923 -0.003179 0.012035 0.011354 0.003225 0.999988 -0.003801 0.012705 -0.012022 0.003839 0.999920 -0.769533
0.999935 -0.003274 0.010876 0.013356 0.003299 0.999992 -0.002261 0.017713 -0.010869 0.002297 0.999938 -0.765458
0.999953 -0.003043 0.009193 0.012045 0.002983 0.999974 0.006508 0.013687 -0.009213 -0.006481 0.999937 -0.754495
0.999973 -0.002598 0.006838 0.008241 0.002543 0.999965 0.007995 0.003825 -0.006859 -0.007978 0.999945 -0.748882
0.999991 -0.002696 0.003280 0.007984 0.002686 0.999992 0.003034 -0.000299 -0.003288 -0.003025 0.999990 -0.752626
0.999997 -0.002278 0.000106 0.006508 0.002278 0.999987 -0.004641 0.010305 -0.000096 0.004641 0.999989 -0.757625
0.999998 -0.001350 -0.001602 0.003835 0.001343 0.999989 -0.004413 0.019778 0.001608 0.004410 0.999989 -0.754214
0.999994 0.001639 -0.002926 0.000335 -0.001647 0.999995 -0.002811 0.011601 0.002921 0.002816 0.999992 -0.749954
0.999994 0.001869 -0.002838 -0.001994 -0.001868 0.999998 0.000452 0.007182 0.002838 -0.000446 0.999996 -0.745174
0.999992 0.001564 -0.003659 -0.001119 -0.001564 0.999999 -0.000047 0.013335 0.003659 0.000052 0.999993 -0.746127
0.999989 -0.000903 -0.004617 0.002798 0.000896 0.999998 -0.001536 0.015355 0.004618 0.001532 0.999988 -0.742483
0.999986 -0.000914 -0.005196 0.001567 0.000916 0.999999 0.000464 0.005389 0.005196 -0.000469 0.999986 -0.743709
0.999982 -0.001460 -0.005846 0.003537 0.001449 0.999997 -0.001849 0.010280 0.005849 0.001841 0.999981 -0.739361
0.999980 0.002121 -0.005889 -0.001924 -0.002138 0.999994 -0.002737 0.017293 0.005883 0.002750 0.999979 -0.739236
0.999985 -0.001008 -0.005351 0.003098 0.001007 0.999999 -0.000047 0.010730 0.005351 0.000042 0.999986 -0.730088
0.999984 -0.001784 -0.005369 0.005140 0.001791 0.999998 0.001323 0.010485 0.005367 -0.001333 0.999985 -0.725615
0.999992 -0.000548 -0.004042 0.005276 0.000557 0.999997 0.002293 0.013295 0.004041 -0.002295 0.999989 -0.720155
0.999997 -0.000045 -0.002610 0.003850 0.000051 0.999997 0.002251 0.011138 0.002610 -0.002251 0.999994 -0.715187
0.999994 0.002884 -0.001884 0.000980 -0.002881 0.999995 0.001459 0.006627 0.001888 -0.001454 0.999997 -0.712923
0.999994 0.003478 0.000561 -0.001151 -0.003477 0.999993 -0.001612 0.009207 -0.000567 0.001610 0.999999 -0.713345
0.999989 0.002706 0.003780 0.000705 -0.002692 0.999989 -0.003732 0.015140 -0.003790 0.003722 0.999986 -0.710149
0.999972 0.001533 0.007357 0.004750 -0.001531 0.999999 -0.000210 0.015375 -0.007357 0.000198 0.999973 -0.702343
0.999933 0.003309 0.011107 0.003606 -0.003318 0.999994 0.000739 0.011487 -0.011105 -0.000775 0.999938 -0.695483
0.999891 0.003516 0.014312 0.003109 -0.003520 0.999994 0.000266 0.009593 -0.014311 -0.000317 0.999898 -0.693180
0.999883 -0.000074 0.015329 0.009666 0.000110 0.999997 -0.002365 0.008924 -0.015329 0.002366 0.999880 -0.689676
0.999857 -0.004058 0.016426 0.015368 0.004137 0.999980 -0.004793 0.013199 -0.016406 0.004860 0.999854 -0.686842
0.999865 -0.000527 0.016447 0.012552 0.000635 0.999978 -0.006579 0.014204 -0.016443 0.006588 0.999843 -0.683265
0.999851 0.000635 0.017260 0.008280 -0.000510 0.999974 -0.007249 0.013553 -0.017264 0.007239 0.999825 -0.680456
0.999844 0.000132 0.017676 0.010166 -0.000001 0.999973 -0.007399 0.015841 -0.017676 0.007398 0.999816 -0.674667
0.999850 -0.001188 0.017274 0.013500 0.001291 0.999981 -0.005960 0.018507 -0.017267 0.005982 0.999833 -0.669627
0.999838 -0.000385 0.018011 0.013025 0.000428 0.999997 -0.002339 0.017369 -0.018010 0.002346 0.999835 -0.658939
0.999834 0.001850 0.018147 0.008971 -0.001830 0.999998 -0.001130 0.012518 -0.018149 0.001097 0.999835 -0.653847
0.999843 -0.000807 0.017677 0.011396 0.000819 0.999999 -0.000673 0.010353 -0.017677 0.000687 0.999844 -0.647375
0.999856 -0.004513 0.016331 0.017265 0.004542 0.999988 -0.001696 0.011224 -0.016324 0.001770 0.999865 -0.643809
0.999890 -0.001864 0.014697 0.014631 0.001922 0.999990 -0.003936 0.014843 -0.014690 0.003964 0.999884 -0.641835
0.999914 0.003723 0.012605 0.002853 -0.003682 0.999988 -0.003273 0.013344 -0.012617 0.003226 0.999915 -0.638913
0.999934 0.002324 0.011252 0.001344 -0.002316 0.999997 -0.000665 0.013418 -0.011254 0.000639 0.999936 -0.632033
0.999937 -0.004154 0.010381 0.009988 0.004124 0.999987 0.002906 0.015377 -0.010393 -0.002863 0.999942 -0.617624
0.999948 -0.004103 0.009384 0.014461 0.004043 0.999971 0.006442 0.012375 -0.009410 -0.006403 0.999935 -0.611942
0.999954 0.000418 0.009594 0.004505 -0.000515 0.999949 0.010110 0.005177 -0.009589 -0.010114 0.999903 -0.605610
0.999945 0.005922 0.008633 -0.006143 -0.005987 0.999954 0.007477 -0.001752 -0.008588 -0.007529 0.999935 -0.608058
0.999976 0.000824 0.006879 0.000964 -0.000813 0.999998 -0.001609 -0.000909 -0.006880 0.001604 0.999975 -0.618784
0.999978 -0.002576 0.006149 0.011781 0.002627 0.999961 -0.008380 0.007922 -0.006127 0.008396 0.999946 -0.628742
0.999979 -0.004484 0.004580 0.012486 0.004539 0.999917 -0.012041 0.018255 -0.004526 0.012061 0.999917 -0.633814
0.999998 -0.000224 0.002132 0.005875 0.000242 0.999964 -0.008518 0.023383 -0.002130 0.008519 0.999961 -0.629258
0.999993 0.003551 0.001141 -0.001433 -0.003551 0.999994 0.000070 0.018027 -0.001141 -0.000074 0.999999 -0.622525
0.999992 0.003627 0.001484 -0.005257 -0.003632 0.999989 0.002980 0.010238 -0.001474 -0.002985 0.999994 -0.619697
0.999992 0.003391 0.001986 -0.005574 -0.003392 0.999994 0.000320 0.006622 -0.001985 -0.000327 0.999998 -0.625366
0.999996 -0.001848 0.002020 0.003762 0.001854 0.999994 -0.002852 0.006099 -0.002014 0.002856 0.999994 -0.632226
0.999995 -0.000195 0.003165 0.000101 0.000208 0.999992 -0.003937 0.012835 -0.003164 0.003938 0.999987 -0.638157
0.999994 0.000666 0.003394 0.001302 -0.000648 0.999986 -0.005187 0.015315 -0.003398 0.005184 0.999981 -0.643175
0.999987 0.001447 0.004873 -0.000177 -0.001434 0.999996 -0.002631 0.012759 -0.004876 0.002624 0.999985 -0.642016
0.999975 0.001967 0.006811 -0.000678 -0.001955 0.999997 -0.001780 0.008224 -0.006815 0.001767 0.999975 -0.648251
0.999963 0.001564 0.008497 0.001339 -0.001539 0.999995 -0.002891 0.012730 -0.008502 0.002878 0.999960 -0.651831
0.999943 0.002570 0.010394 0.002814 -0.002556 0.999996 -0.001373 0.016607 -0.010398 0.001346 0.999945 -0.650006
0.999929 -0.001504 0.011800 0.009520 0.001485 0.999998 0.001601 0.013981 -0.011802 -0.001583 0.999929 -0.648508
0.999924 -0.001204 0.012282 0.010295 0.001161 0.999993 0.003510 0.010440 -0.012286 -0.003496 0.999918 -0.648115
0.999920 -0.001096 0.012602 0.008172 0.001060 0.999995 0.002907 0.005611 -0.012605 -0.002894 0.999916 -0.657104
0.999917 0.001613 0.012796 0.003482 -0.001621 0.999998 0.000616 0.006472 -0.012795 -0.000637 0.999918 -0.665036
0.999923 0.001031 0.012392 0.003233 -0.000992 0.999995 -0.003092 0.010772 -0.012395 0.003080 0.999918 -0.668973
0.999924 -0.001021 0.012272 0.007939 0.001046 0.999997 -0.002031 0.013598 -0.012270 0.002044 0.999923 -0.674471
0.999920 -0.001544 0.012592 0.005193 0.001562 0.999998 -0.001374 0.010866 -0.012590 0.001394 0.999920 -0.679063
0.999936 -0.003684 0.010666 0.008383 0.003714 0.999989 -0.002857 0.008774 -0.010656 0.002896 0.999939 -0.687198
0.999961 -0.003582 0.008117 0.007603 0.003584 0.999994 -0.000274 0.008395 -0.008116 0.000303 0.999967 -0.692055
0.999987 0.000186 0.005060 0.002620 -0.000170 0.999995 -0.003157 0.011595 -0.005061 0.003156 0.999982 -0.697723
0.999990 0.003262 0.003026 -0.006457 -0.003254 0.999991 -0.002864 0.010852 -0.003035 0.002854 0.999991 -0.707796
0.999989 0.004631 0.000642 -0.007040 -0.004633 0.999985 0.002870 0.007528 -0.000628 -0.002873 0.999996 -0.709048
0.999998 0.001570 -0.000740 -0.004574 -0.001570 0.999998 0.001002 0.012570 0.000742 -0.001001 0.999999 -0.718637
0.999993 0.003857 -0.000192 -0.006907 -0.003856 0.999988 0.002911 0.005392 0.000203 -0.002910 0.999996 -0.727521
0.999994 0.003471 0.000211 -0.007442 -0.003471 0.999994 -0.000571 0.004043 -0.000213 0.000570 1.000000 -0.741276
0.999993 0.003698 -0.000200 -0.010279 -0.003699 0.999981 -0.004841 0.011654 0.000182 0.004842 0.999988 -0.744320
0.999999 0.000640 -0.001049 -0.000854 -0.000643 0.999995 -0.002936 0.013396 0.001048 0.002937 0.999995 -0.748662
0.999998 0.001037 -0.001530 -0.001672 -0.001040 0.999997 -0.002272 0.015640 0.001527 0.002273 0.999996 -0.746974
0.999999 -0.000786 -0.001339 0.000943 0.000786 1.000000 -0.000368 0.009333 0.001339 0.000367 0.999999 -0.744813
0.999997 -0.001430 -0.001976 0.003548 0.001428 0.999999 -0.000882 0.011695 0.001977 0.000880 0.999998 -0.748081
0.999998 -0.000835 -0.001789 0.002715 0.000836 0.999999 0.000829 0.017560 0.001788 -0.000830 0.999998 -0.748255
0.999999 0.001016 -0.001016 -0.002883 -0.001012 0.999992 0.003985 0.014900 0.001020 -0.003984 0.999992 -0.744446
1.000000 -0.000116 -0.000538 -0.000341 0.000119 0.999979 0.006450 0.004315 0.000538 -0.006450 0.999979 -0.743415
0.999997 -0.002112 -0.001062 0.003127 0.002115 0.999995 0.002158 0.006360 0.001057 -0.002160 0.999997 -0.745574
0.999998 -0.001183 -0.001534 0.003835 0.001178 0.999993 -0.003474 0.012755 0.001538 0.003473 0.999993 -0.745607
0.999998 -0.001840 -0.001109 0.002748 0.001835 0.999990 -0.004183 0.018494 0.001117 0.004181 0.999991 -0.749527
0.999987 -0.004164 -0.002954 0.011054 0.004162 0.999991 -0.000769 0.016930 0.002957 0.000757 0.999995 -0.740256
0.999982 -0.002888 -0.005192 0.006720 0.002882 0.999995 -0.001096 0.014016 0.005195 0.001081 0.999986 -0.740582
0.999974 0.000516 -0.007180 -0.000541 -0.000525 0.999999 -0.001164 0.011150 0.007179 0.001168 0.999974 -0.741626
0.999955 0.000782 -0.009451 -0.003186 -0.000784 1.000000 -0.000177 0.017062 0.009451 0.000184 0.999955 -0.740964
0.999941 0.002817 -0.010532 -0.007060 -0.002794 0.999994 0.002171 0.017938 0.010538 -0.002142 0.999942 -0.733686
0.999935 -0.000946 -0.011396 -0.002646 0.000983 0.999994 0.003271 0.009485 0.011393 -0.003282 0.999930 -0.733307
0.999920 -0.002793 -0.012337 0.002195 0.002781 0.999996 -0.000948 0.005660 0.012340 0.000914 0.999923 -0.737703
0.999922 0.005301 -0.011301 -0.009851 -0.005376 0.999964 -0.006574 0.014180 0.011266 0.006634 0.999915 -0.740756
0.999952 0.004466 -0.008768 -0.010927 -0.004532 0.999962 -0.007507 0.019474 0.008734 0.007547 0.999933 -0.744998
0.999972 0.000713 -0.007425 -0.002542 -0.000754 0.999985 -0.005449 0.017006 0.007421 0.005454 0.999958 -0.741809
0.999974 -0.005538 -0.004575 0.007947 0.005526 0.999981 -0.002605 0.013702 0.004590 0.002579 0.999986 -0.741213
0.999996 0.001116 -0.002555 -0.000818 -0.001120 0.999998 -0.001529 0.014416 0.002554 0.001531 0.999996 -0.741813
0.999998 0.000969 -0.001502 -0.001283 -0.000970 0.999999 -0.000770 0.015393 0.001502 0.000772 0.999999 -0.744857
1.000000 -0.000178 -0.000794 0.001855 0.000179 0.999998 0.002045 0.012303 0.000793 -0.002045 0.999998 -0.742446
0.999994 -0.003370 -0.000405 0.006578 0.003371 0.999994 0.001124 0.009985 0.000401 -0.001126 0.999999 -0.752943
0.999999 -0.000754 0.000708 0.002534 0.000755 0.999999 -0.000915 0.012258 -0.000707 0.000915 0.999999 -0.754128
0.999998 -0.000766 0.001909 0.001644 0.000769 0.999999 -0.001549 0.013898 -0.001908 0.001551 0.999997 -0.757283
0.999997 0.001480 0.001807 -0.003088 -0.001477 0.999998 -0.001585 0.016540 -0.001810 0.001582 0.999997 -0.758915
0.999992 0.003418 0.002152 -0.004668 -0.003418 0.999994 0.000039 0.014299 -0.002151 -0.000046 0.999998 -0.764629
0.999994 0.000634 0.003376 0.000352 -0.000630 0.999999 -0.001164 0.012119 -0.003377 0.001162 0.999994 -0.767090
0.999988 -0.002117 0.004405 0.007027 0.002127 0.999995 -0.002186 0.016455 -0.004400 0.002195 0.999988 -0.772342
0.999983 -0.002054 0.005488 0.006151 0.002081 0.999986 -0.004821 0.017048 -0.005478 0.004832 0.999973 -0.773134
0.999985 -0.001101 0.005338 0.005643 0.001123 0.999991 -0.004161 0.015860 -0.005333 0.004167 0.999977 -0.781612
0.999988 -0.001577 0.004566 0.004853 0.001580 0.999999 -0.000567 0.018392 -0.004565 0.000574 0.999989 -0.779005
0.999974 -0.005610 0.004576 0.009982 0.005596 0.999980 0.003020 0.018414 -0.004593 -0.002995 0.999985 -0.779866
0.999977 -0.005041 0.004508 0.014558 0.005020 0.999977 0.004627 0.005650 -0.004532 -0.004604 0.999979 -0.778058
0.999980 -0.004001 0.004898 0.009410 0.003991 0.999990 0.001935 0.007664 -0.004906 -0.001915 0.999986 -0.784007
0.999988 -0.001918 0.004570 0.008274 0.001923 0.999998 -0.001067 0.017482 -0.004568 0.001075 0.999989 -0.784089
0.999990 -0.001759 0.004081 0.009246 0.001751 0.999997 0.001814 0.015621 -0.004084 -0.001807 0.999990 -0.784408
0.999991 -0.000420 0.004234 0.006767 0.000408 0.999996 0.002841 0.010132 -0.004235 -0.002839 0.999987 -0.783567
0.999988 -0.000306 0.004937 0.005091 0.000305 1.000000 0.000281 0.011705 -0.004937 -0.000280 0.999988 -0.783692
0.999988 0.000043 0.004912 0.004371 -0.000036 0.999999 -0.001499 0.016754 -0.004912 0.001499 0.999987 -0.789698
0.999981 0.003749 0.004858 0.000123 -0.003754 0.999993 0.000933 0.015787 -0.004855 -0.000951 0.999988 -0.788681
0.999984 0.002961 0.004819 -0.001073 -0.002967 0.999995 0.001289 0.014303 -0.004815 -0.001304 0.999988 -0.787267
0.999989 -0.001211 0.004470 0.005243 0.001202 0.999997 0.001947 0.011074 -0.004472 -0.001941 0.999988 -0.789638
0.999977 -0.004879 0.004605 0.011571 0.004889 0.999986 -0.002212 0.013981 -0.004594 0.002234 0.999987 -0.790518
0.999983 -0.003163 0.004947 0.008315 0.003170 0.999994 -0.001444 0.016228 -0.004943 0.001459 0.999987 -0.793999
0.999986 0.002670 0.004616 0.001304 -0.002687 0.999989 0.003752 0.018982 -0.004606 -0.003764 0.999982 -0.785985
0.999991 0.000552 0.004316 0.003625 -0.000585 0.999972 0.007520 0.010830 -0.004312 -0.007522 0.999962 -0.782945
0.999974 -0.006270 0.003502 0.013986 0.006254 0.999970 0.004624 0.002671 -0.003530 -0.004602 0.999983 -0.783791
0.999976 -0.006228 0.003167 0.014981 0.006240 0.999974 -0.003747 0.008864 -0.003144 0.003767 0.999988 -0.796092
0.999995 0.000792 0.002992 0.002189 -0.000760 0.999942 -0.010768 0.018886 -0.003000 0.010765 0.999938 -0.806723
0.999990 0.003808 0.002279 -0.004356 -0.003781 0.999924 -0.011751 0.018968 -0.002323 0.011742 0.999928 -0.802968
0.999997 -0.001482 0.001832 0.005935 0.001498 0.999959 -0.008940 0.022141 -0.001819 0.008943 0.999958 -0.800552
0.999996 -0.002016 0.002190 0.009815 0.002021 0.999995 -0.002575 0.024518 -0.002185 0.002579 0.999994 -0.796508
0.999995 -0.000012 0.003064 0.007190 -0.000004 0.999987 0.005071 0.014098 -0.003064 -0.005071 0.999982 -0.789636
0.999989 0.000831 0.004630 0.003056 -0.000862 0.999976 0.006852 0.007378 -0.004625 -0.006856 0.999966 -0.787172
0.999988 -0.000268 0.004816 0.006864 0.000244 0.999988 0.004926 0.009132 -0.004817 -0.004925 0.999976 -0.791877
0.999988 0.001534 0.004620 0.004702 -0.001547 0.999995 0.002800 0.012448 -0.004615 -0.002807 0.999985 -0.797928
0.999990 0.000353 0.004535 0.005461 -0.000365 0.999996 0.002628 0.009582 -0.004534 -0.002630 0.999986 -0.793494
0.999991 0.000789 0.004265 0.005705 -0.000786 0.999999 -0.000928 0.009585 -0.004266 0.000925 0.999990 -0.795657
0.999992 0.001347 0.003832 0.004787 -0.001328 0.999987 -0.004893 0.014863 -0.003838 0.004888 0.999981 -0.804928
0.999993 0.001677 0.003308 0.003468 -0.001658 0.999983 -0.005588 0.017309 -0.003318 0.005582 0.999979 -0.800001
0.999995 0.001142 0.002835 0.002245 -0.001126 0.999984 -0.005476 0.017260 -0.002841 0.005473 0.999981 -0.804801
0.999996 0.001628 0.002276 0.004027 -0.001617 0.999987 -0.004897 0.016322 -0.002284 0.004893 0.999985 -0.804362
0.999998 0.001247 0.001801 0.002277 -0.001235 0.999976 -0.006861 0.020645 -0.001809 0.006859 0.999975 -0.812585
0.999998 -0.000543 0.001827 0.005055 0.000544 1.000000 -0.000740 0.020055 -0.001826 0.000741 0.999998 -0.806854
0.999957 -0.009184 0.001332 0.019501 0.009173 0.999924 0.008282 0.020283 -0.001408 -0.008270 0.999965 -0.794925
0.999998 -0.001780 0.000666 0.011573 0.001770 0.999896 0.014308 0.005904 -0.000691 -0.014307 0.999897 -0.792640
1.000000 -0.000068 0.000879 0.007582 0.000060 0.999963 0.008617 -0.003193 -0.000880 -0.008617 0.999962 -0.798199
1.000000 0.000350 -0.000275 0.005276 -0.000351 0.999997 -0.002454 0.008468 0.000274 0.002454 0.999997 -0.811520
1.000000 -0.000599 0.000379 0.008090 0.000602 0.999980 -0.006308 0.019065 -0.000375 0.006308 0.999980 -0.815141
0.999998 0.001347 0.001637 0.003509 -0.001345 0.999999 -0.000911 0.016818 -0.001638 0.000908 0.999998 -0.809296
0.999994 0.003091 0.001277 -0.001110 -0.003093 0.999994 0.001505 0.010850 -0.001272 -0.001509 0.999998 -0.808667
0.999991 0.003839 0.001665 -0.001440 -0.003839 0.999993 -0.000285 0.011299 -0.001666 0.000279 0.999999 -0.810075
0.999999 -0.000011 0.001638 0.002447 0.000019 0.999989 -0.004725 0.017725 -0.001638 0.004726 0.999987 -0.813553
0.999998 -0.001434 0.001072 0.006182 0.001437 0.999995 -0.002971 0.020443 -0.001068 0.002973 0.999995 -0.813676
0.999998 -0.001712 0.001193 0.006695 0.001711 0.999998 0.000628 0.015651 -0.001194 -0.000626 0.999999 -0.812204
0.999999 0.001142 0.001295 0.003975 -0.001148 0.999990 0.004412 0.012467 -0.001290 -0.004414 0.999989 -0.812100
0.999998 0.000448 0.001852 0.003335 -0.000452 0.999998 0.001888 0.010113 -0.001851 -0.001889 0.999997 -0.815678
0.999994 0.002659 0.002221 0.001129 -0.002655 0.999995 -0.001837 0.012979 -0.002226 0.001831 0.999996 -0.819688
0.999992 -0.000004 0.003999 0.002581 0.000016 0.999995 -0.003004 0.018719 -0.003999 0.003004 0.999987 -0.813826
